uid,pid_sequence
0,"[0, 422, 0, 1452, 1781, 1848, 0, 0, 158, 2176, 2176, 0, 0, 3197, 0, 0, 283, 899, 3751, 402, 2863, 3753, 352, 3302, 3753, 3302, 283, 3302, 352, 3431, 3431, 352, 3872, 0, 402, 357, 336, 402, 0, 3872, 0, 1614, 3872, 0, 3872, 0, 3872, 0, 3872, 0, 3872, 0, 3872, 0, 3872, 0, 0, 3872, 0, 3872, 3872, 0, 3872, 0, 0]"
1,"[1, 401, 1028, 1031, 516, 84, 76, 1031, 1028, 1031, 1, 1028, 1031, 1, 516, 401, 1028, 1031, 516, 1031, 1, 516, 1031, 1, 516, 401, 1028, 1031, 1, 1028, 1031, 1028, 1031, 516, 401, 1031, 1, 1028, 516, 1, 1031, 1, 1, 516, 401, 1028, 1031, 1, 401, 1028, 1031, 1, 516, 401, 1031, 1, 1028, 1031, 1, 516, 401, 1028, 1031, 1, 1, 1031, 1, 516, 1031, 1, 1028, 1031, 1, 401, 1028, 1031, 1, 516, 1, 1028, 1031, 1, 1031, 1, 516, 1031, 1, 1791, 1028, 1031, 1, 1028, 1031, 516, 1028, 1031, 1, 516, 1028, 1031, 1, 516, 401, 1028, 1031, 1, 516, 401, 1028, 1031, 1, 516, 1028, 1031, 1, 516, 401, 1028, 1031, 1, 1028, 1031, 1028, 1031, 1, 516, 1031, 1028, 1028, 1031, 1, 516, 401, 1521, 1028, 1031, 1, 1031, 1028, 1031, 1, 516, 1, 1031, 1, 516, 1028, 1031, 1, 1028, 1031, 1, 1028, 1031, 1, 516, 1028, 1031, 1028, 1028, 1031, 516, 516, 1028, 1031]"
2,"[2, 2, 1608, 384, 1793, 2, 2, 1942, 1946, 1608, 210, 1953, 2, 2, 2638, 1793, 2, 2, 1946, 1793, 2, 2, 3004, 1793, 3062, 3085, 48, 3062, 2, 2, 1942, 1953, 1608, 1953, 210, 2638, 3085, 2, 2, 1942, 1608, 1953, 210, 1946, 2, 3004, 2, 2, 3490, 61, 2, 3004, 1942, 1946, 2638, 2, 2, 1942, 1946, 2, 3490, 2, 2, 1942, 2638, 1793, 2, 2, 3085, 3490, 2, 2, 1608, 1946, 2638, 137, 2, 2, 1942, 137, 1793, 2638, 2, 2, 3490, 1942, 2638, 137, 1793, 2, 2, 1608, 1953, 1793, 2638, 2, 3490, 1953, 2, 2, 1942, 1946, 2638, 3085, 1946, 2, 2, 4238, 4238, 1946, 3085, 3085, 3490, 3490, 2, 1946, 4287, 1608, 1953, 1793, 2, 2, 1606, 3004, 2, 3490, 1942, 1946, 137, 3085, 2, 1946, 3490, 2638, 3085, 2, 2, 4287, 1953, 1608, 1946, 3085, 1793, 2638, 1946, 2, 2, 1606, 2, 1325, 2242, 1946, 2, 1946, 2638, 3085, 137, 3490, 1946, 2, 2, 4287, 1953, 2, 2, 2638, 2, 1793, 4295, 3085, 2638, 1946, 2638, 137, 2, 2, 1946, 210, 1953, 1608, 4589, 2, 2, 1946, 1793, 1946, 2638, 2638, 1953, 1946, 1793, 2, 1946, 2638, 3085, 2, 3085, 2, 1793, 2, 2, 4287, 1953, 1608, 81, 1946, 1793, 2, 1608, 1953, 2, 2, 3004, 3004, 2, 1942, 2638, 137, 2, 2, 4287, 210, 3085, 4287, 1608, 2, 4287, 2, 4287, 1953, 1608, 2, 1606, 3004, 4287, 81, 210, 2, 4287, 4287, 1953, 1608, 2, 1608, 1946, 2, 2, 1946, 1953, 4287, 2, 2, 598, 4287, 1953, 1608, 2, 1608, 1953, 1608]"
3,"[3, 23, 2136, 557, 442, 2646, 18, 26, 2971, 516, 3018, 2272, 69, 102, 443, 310, 2939, 2865, 4330, 908, 4330, 4371, 4330, 4330, 4307, 4330, 4371, 4330, 4371, 4092, 4371, 4371, 2856, 4371, 26, 2410, 4371, 1729, 383, 1720, 4371, 4330, 4371, 4330, 1355, 4371, 4330, 4106, 4330, 4371, 406, 1966, 4330, 3655, 4489, 4330, 1018, 1576, 3655, 4330, 292, 4413, 1982, 3148, 129, 1659, 3276]"
4,"[4, 16, 1636, 1704, 1872, 1734, 16, 16, 2656, 16, 16, 2656, 2656, 16, 1636, 16, 2656, 16, 16, 1843, 2656, 16, 16, 1704, 1636, 16, 16, 3527, 1008, 1704, 2656, 16, 3754, 1704, 16, 16, 482, 16, 1386, 1416, 1008, 3754, 4, 16, 1008, 16, 1704, 3754, 16, 2656, 3417, 1704, 16, 2990, 1704, 1636, 1704, 3516, 16, 16, 2656, 16, 4416, 16, 1872, 1704, 4416, 4416, 16, 16, 1008, 4416, 608, 608, 4416, 16, 16, 1008, 16, 443, 1008, 3754, 1008, 16, 4416, 3754, 3754, 16, 2656, 16, 4, 16, 4416, 1008, 16, 16, 1008, 16, 4, 3293, 1636, 1008, 3327, 1030, 16, 870, 16, 482, 4, 1008, 16, 1008, 16, 1029, 16, 3754, 3754, 16, 4, 16, 4, 16, 4, 16, 16, 3754, 16, 1647, 16, 1008, 2990, 1008, 4, 16, 175, 3754, 5015, 1349, 1008]"
5,"[5, 765, 871, 5, 1475, 1930, 5, 871, 5, 871, 5, 5, 871, 5, 871, 5, 871, 3882, 5, 871, 3815, 5, 871, 871, 4101, 5, 4101, 871, 871, 1847, 871, 871, 5, 871, 1647, 871, 5, 4101, 871, 871, 4101, 871, 4101, 3432, 5, 5, 1083, 4101, 871, 5, 2603, 4101, 5, 5, 2227, 5, 4101, 5, 4101, 5, 871, 4101, 871, 5, 5, 871, 2603, 5, 5, 871, 871, 5, 3720]"
6,"[6, 1202, 2200, 3000, 3331, 1725, 2933, 3432, 2227, 18, 40, 1010, 226, 1015, 2925, 3142, 2933, 3776, 2294, 4365, 4196, 2227, 3607, 3370, 3142, 2531, 1325, 2227, 1202, 151, 1252, 151, 1725, 213, 1325, 1325, 4106, 1709, 1325, 36, 357, 1325, 1325, 40, 1325, 2293, 5078, 1386, 1468, 3815, 3815]"
7,"[7, 453, 869, 18, 1382, 1077, 908, 1602, 1929, 453, 869, 2164, 869, 1929, 453, 453, 869, 869, 1929, 453, 869, 1558, 84, 869, 869, 84, 1929, 869, 869, 6, 1929, 869, 869, 453, 1929, 869, 453, 1929, 2619, 869, 1204, 869, 869, 3855, 1929, 453, 869, 453, 869, 869, 1570, 453, 869, 869, 1558, 869, 1929, 4242, 453, 3343, 1929, 777, 869, 453, 869, 1558, 1558, 869, 453, 869, 869, 1929, 869, 869, 3240, 3619, 1558, 3619, 3790, 869, 869, 1558]"
8,"[8, 8, 153, 324, 8, 3081, 2820, 61, 153, 908, 3010, 8, 4075, 1018, 102, 394, 3052, 153, 2311, 324, 3081, 153, 4325, 817, 8, 4325, 153, 8, 324, 153, 4325, 624, 2500, 324, 2278, 324, 4325, 4325, 8, 2566, 8, 2566, 153, 4325, 8, 4325, 4325, 8, 2531, 908, 4325, 324, 4325, 8, 324, 1930, 102, 4075, 102, 153, 4325, 2566, 153, 4325, 4325, 153, 4325, 8]"
9,"[9, 407, 501, 9, 407, 9, 501, 9, 501, 9, 407, 9, 501, 9, 501, 1515, 501, 9, 9, 501, 9, 501, 9, 501, 9, 501, 9, 9, 501, 9, 9, 501, 501, 9, 501, 9, 501, 9, 501, 501, 9, 501, 501, 9, 407, 501, 9, 501, 407, 501, 9, 9, 501, 9, 9, 501, 501, 9, 9, 501, 501, 9, 9, 501, 501, 9, 501, 501, 9, 501, 501, 9, 501, 9, 501, 501, 9, 501, 9, 501, 9, 501, 501, 9, 9, 501, 9, 501, 501, 9, 501, 9, 9, 501, 9, 9, 501, 501, 9, 501, 9, 9, 3758, 4940, 501, 9, 9, 501, 501, 9, 501, 501, 9, 501, 501]"
10,"[10, 21, 41, 68, 180, 377, 185, 21, 618, 619, 621, 622, 627, 853, 185, 908, 377, 180, 68, 41, 1218, 68, 853, 622, 21, 1524, 621, 174, 1879, 1864, 853, 853, 21, 377, 185, 10, 2231, 21, 618, 2365, 619, 621, 21, 618, 619, 621, 622, 21, 377, 2231, 618, 2365, 621, 627, 853, 622, 2800, 21, 10, 377, 2231, 618, 619, 621, 2365, 627, 622, 10, 2975, 1524, 2800, 2365, 621, 618, 627, 853, 10, 618, 621, 2365, 10, 853, 622, 853, 2631, 2365, 21, 2631, 185, 377, 853, 21, 377, 2231, 618, 622, 621, 627, 622, 21, 3409, 3359, 41, 1218, 618, 2365, 621, 627, 853, 622, 2631, 2800, 3700, 1524, 618, 257, 21, 622, 618, 621, 627, 185, 377, 180, 1879, 21, 622, 618, 621, 627, 853, 622, 21, 185, 377, 853, 21, 185, 1475, 2231, 1218, 618, 627, 853, 68, 377, 41, 622, 621, 627, 3409, 1921, 618, 622, 621, 627, 853, 622, 1524, 853, 622, 21, 185, 618, 619, 621, 627, 853, 622, 21, 377, 83, 0, 618, 621, 627, 853, 622, 21, 185, 377, 1475, 618, 619, 621, 627, 21, 1475, 1475, 1524, 619, 621, 618, 627, 853, 622, 1524, 21, 2231, 180, 377, 622, 21, 377, 21, 618, 621, 627, 853, 622, 21, 185, 377, 10, 377, 2319, 621, 627, 853, 21, 185, 377, 2231, 621, 627, 622, 21, 1947, 2477, 2365, 618, 621, 627, 21, 185, 377, 2231, 2020, 41, 622, 1218, 618, 621, 627, 853, 21, 185, 377, 1475, 21, 2800, 622, 618, 621, 627, 853, 21, 377, 1475, 21, 622, 618, 621, 627, 853, 622, 2800, 618, 2365, 621, 627, 21, 853, 21, 634, 853, 21, 622, 4545, 853, 21, 377, 21, 622, 618, 621, 627, 21, 10, 1524, 618, 621, 627, 853, 622, 21, 377, 1475, 21, 618, 422, 618, 621, 853, 21, 1475, 2231, 622, 618, 621, 627, 68, 1475, 4589, 41, 21, 853, 618, 621, 627, 853, 180, 180, 21, 2800, 622, 618, 619, 621, 627, 853, 622, 377, 853, 21, 185, 853, 853, 622, 1524, 2800, 21, 21, 853, 619, 622, 621, 627, 1087, 853, 622, 21, 377, 618, 619, 621, 627, 853, 622, 21, 377, 3444, 853, 622, 21, 41, 68, 180, 1218, 619, 618, 621, 853, 10, 622, 2800, 619, 621, 627, 853, 622, 2800, 4709, 21, 1625, 1996, 2365, 4712, 621, 627, 853, 622, 4545, 10, 21, 68, 2231, 185, 619, 618, 627, 853, 622, 4545, 10, 21, 185, 377, 185, 174, 2800, 618, 619, 4712, 621, 627, 622, 4709, 21, 1218, 41, 4733, 2231, 618, 619, 621, 21, 2800, 619, 618, 621, 627, 853, 622, 21, 1475, 1879, 2800, 10, 618, 619, 621, 853, 4712, 622, 2365, 10, 21, 68, 2231, 1879, 41, 3436, 1218, 619, 621, 618, 627, 2800, 853, 622, 21, 853, 622, 21, 4070, 853, 618, 2800, 622, 619, 621, 853, 2231, 21, 618, 619, 621, 627, 853, 622, 1524, 10, 21, 3717, 4733, 68, 185, 618, 21, 619, 621, 4545, 853, 622, 1218, 41, 2231, 621, 627, 853, 622, 853, 622, 2365, 618, 621, 619, 2365, 853, 618, 621, 627, 853, 622, 21, 3549, 1218, 1524, 618, 619, 4712, 621, 853, 622, 853, 853, 21, 21, 10, 1638, 622, 621, 627, 853, 1524, 853, 622, 21, 10, 619, 618, 4712, 621, 627, 622, 10, 4545, 21, 1475, 4712, 619, 853, 622, 1524, 21, 1475, 621, 627, 1475, 21, 621, 627, 1524, 2631, 2800, 618, 627, 853, 1218, 4733, 2231, 853, 10, 621, 627, 853, 853, 622, 504, 41, 489, 1218, 10, 1524, 4709, 618, 4941, 619, 621, 622, 21, 1475, 259, 853, 622, 21, 1325, 41, 1218, 10, 618, 4941, 621, 627, 853, 83, 618, 619, 4941, 621, 622, 4545, 21, 1218, 619, 618, 4712, 621, 627, 4941, 4709, 10, 21, 2631, 1218, 2800, 2365, 619, 4712, 621, 4941, 627, 853, 4709, 622, 21, 1325, 68, 619, 4545, 4709, 10, 68, 4712, 621, 4941, 627, 853, 622, 4545, 21, 10, 1218, 619, 4712, 621, 627, 4941, 622, 21, 10, 4709, 619, 4712, 618, 621, 4941, 627, 622, 2631, 2365, 4545, 1524, 1325, 83, 618, 619, 4712, 621, 4941, 853, 622, 10, 2365, 4712, 619, 618, 621, 21, 621, 4941, 627, 621, 4941, 627, 10, 4709, 622, 619, 618, 621, 4941, 627, 853, 622, 21, 68, 1325, 83, 1218, 618, 4712, 619, 627, 621, 4941, 2800, 10, 4712, 621, 627, 853, 4545, 853, 83, 21, 618, 4712, 4941, 627, 4709, 10, 21, 21, 618, 4712, 619, 621, 4941, 627, 4709, 83, 1325, 618, 4712, 619, 621, 627, 4941, 21, 1218, 618, 4712, 621, 627, 10, 21, 83, 1325, 83, 618, 619, 627, 853, 2800, 4545, 618, 4712, 621, 627, 619, 853, 622, 4545, 2800, 621, 627, 622, 4545, 10, 41, 4712, 4941, 621, 627, 83, 1325, 21, 4712, 619, 622, 1524, 21, 226]"
11,"[11, 26, 20, 1758, 2453, 3533, 488, 1173, 3748, 4242, 3139, 23, 1374, 2230, 4191, 4330, 2676, 1950, 1737, 4700, 3702, 1729, 1656, 3012, 2038, 1488, 1786, 1940, 1520, 269, 2659, 1752, 2525, 3243, 4893, 3079, 1445, 1659]"
12,"[12, 346, 347, 346, 347, 12, 12, 1016, 346, 347, 346, 347, 1992, 347, 1183, 2636, 346, 347, 346, 347, 346, 347, 346, 347, 1768, 1768, 346, 346, 347, 12, 3436, 346, 347, 12, 346, 12, 346, 347, 12, 346, 347, 12, 3700, 12, 12, 1768, 346, 347, 346, 238, 346, 347, 346, 347, 347, 12, 12, 346, 346, 347, 12, 347, 346, 12, 12, 1768, 347, 346, 346, 347, 347, 12, 12, 347, 347, 3882, 12, 12, 1768, 12, 12, 347, 346, 346, 347, 346, 347, 12, 12, 347, 346, 347, 346, 347, 346, 12, 12, 346, 347, 346, 347, 3784, 347, 346, 347, 4442, 346, 347, 347, 346, 12, 12, 346, 346, 347, 346, 12, 12, 346, 347, 346, 347, 12, 346, 347, 346, 347, 12, 346, 347, 12, 346, 347, 3784, 12, 12, 346, 347, 1577, 346, 347, 1507, 1506, 347, 346, 12, 12, 346, 347, 12, 12, 78, 4589, 12, 346, 159, 347, 12, 346, 347, 12, 346, 347, 249, 346, 12, 12, 346, 347, 12, 1768, 346, 347, 78, 346, 347, 346, 347, 12, 12, 346, 347, 12, 12, 346, 12, 1992, 347, 347, 346, 346, 347, 12, 346, 347, 346, 347, 12, 12, 346, 12, 1016, 347, 346, 12, 346, 347, 346, 347, 12, 346, 347, 346, 347, 346, 4801, 347, 12, 12, 346, 347, 12, 347, 346, 346, 347, 12, 12, 347, 12, 1768, 12, 12, 347, 346, 12, 346, 347, 1768, 346, 347, 347, 346, 347, 346, 346, 347, 1016, 346, 347, 12, 12, 346]"
13,"[13, 46, 356, 981, 13, 102, 46, 981, 13, 2392, 2392, 46, 981, 13, 2392, 102, 46, 2392, 13, 981, 13, 2392, 46, 13, 981, 981, 13, 2392, 46, 981, 981, 13, 2392, 46, 981, 3945, 2392, 46, 3945, 981, 2392, 46, 406, 406, 981, 3945, 2392, 69, 46, 13, 981, 981, 3945, 2392, 46, 3945, 981, 1688, 981, 3945, 2392, 46, 3945, 981, 981, 3945, 981, 981, 3945, 2392, 46, 3945, 3945, 981, 981, 3945, 2392, 46, 981, 981, 3945, 2392, 46, 3945, 981, 981, 3945, 2392, 46, 2392, 3945, 981, 981, 3945, 2392, 46, 3945, 981, 981, 3945, 2392, 46, 3945, 981, 981, 3945, 2392, 46, 3945, 981, 981, 3945, 2392, 46, 981, 3945, 2392, 46, 3945, 981, 981, 3945, 2392, 102, 3945, 2392, 3945, 981, 3945, 981, 3945, 981, 981, 3945, 3945, 981, 3945, 981, 3945, 2392, 3945, 981, 981, 3945, 3945, 981, 981, 3945, 3945, 981, 981, 3945, 3945, 981, 981]"
14,"[14, 1035, 14, 14, 455, 14, 14, 3419, 151, 2249, 14, 3671, 14, 84, 14, 14, 1890, 14, 14, 84, 14, 14, 3901, 1566, 1, 14, 14, 1, 3671, 14, 14, 1, 3671, 1558, 14, 3865, 516, 1, 3671, 14, 14, 4098, 14, 14, 516, 3671, 14, 1, 14, 14, 2157, 14, 14, 1, 516, 3671, 1, 516, 14, 84, 14, 1, 2157, 1590, 14, 1, 14, 4098, 1, 516, 14, 1, 1, 1627, 14, 14, 353, 1, 14, 516, 2157, 1590, 1627, 14, 1, 14, 2157, 1627, 1590, 1, 2157, 1890, 1590, 1627, 14, 1566, 14, 516, 2157, 14, 3844, 14, 2157, 1590, 14, 4098, 1, 2157, 1590, 1627, 14, 516, 14, 516, 14, 516, 1, 2157, 14, 14, 84, 516, 1566, 1566, 1, 516, 14, 1566, 1, 14, 14, 551, 3671, 3671]"
15,"[15, 901, 1449, 1495, 1514, 1518, 1687, 1689, 1495, 1689, 1687, 1687, 1514, 1689, 2658, 15, 1495, 1689, 1495, 561, 1504, 1449, 1514, 1689, 2658, 1449, 1514, 1687, 2658, 1687, 1568, 1687, 1514, 2658, 1449, 1534, 3121, 1514, 1687, 3583, 15, 360, 1495, 3649, 1449, 1687, 1514, 1689, 3153, 1495, 1687, 1518, 1689, 1687, 1687, 3871, 1518, 1689, 1449, 1495, 1687, 1514, 2658, 1518, 1689, 3153, 15, 3583, 3846, 15, 1514, 1687, 1689, 2658, 1518, 15, 1495, 3153, 15, 1495, 3583, 1687, 1514, 1689, 2658, 4088, 15, 3583, 2171, 1687, 15, 3583, 1687, 1514, 707, 3020, 15, 3583, 1495, 1495, 1687, 1514, 1568, 1689, 2658, 3583, 1518, 1449, 707, 15, 3583, 1449, 1495, 1495, 3649, 1687, 1518, 2658, 1514, 1689, 442, 15, 1495, 1449, 1687, 1518, 1687, 1449, 15, 3583, 1495, 1495, 3649, 3271, 15, 3583, 1495, 175, 1687, 1518, 1687, 1518, 15, 3583, 15, 3583, 3583, 1687, 1518, 406, 1495, 1495, 3846, 3846, 5048, 1495, 1495, 15, 1518, 4441, 1495, 15, 15]"
16,"[17, 86, 271, 348, 673, 775, 86, 1136, 348, 1230, 673, 775, 1261, 1527, 1864, 1933, 348, 1136, 775, 1261, 238, 348, 775, 2534, 1230, 775, 1230, 2534, 775, 17, 1136, 3069, 1230, 348, 673, 2534, 673, 775, 1230, 2534, 1136, 775, 17, 86, 86, 1136, 17, 86, 3581, 324, 257, 348, 2534, 3610, 1230, 3610, 775, 3581, 17, 86, 226, 1136, 348, 673, 1230, 673, 775, 3581, 17, 86, 3610, 1230, 348, 1230, 3610, 348, 775, 2534, 673, 775, 17, 3581, 1136, 1213, 348, 1230, 348, 775, 673, 1136, 775, 3581, 17, 3610, 1230, 271, 516, 775, 17, 86, 673, 1230, 2534, 1136, 226, 775, 86, 3581, 348, 3610, 4124, 673, 775, 2534, 673, 348, 1230, 775, 3581, 1230, 3610, 2534, 3581, 348, 3610, 1230, 2534, 2534, 775, 4252, 4124, 3922, 2534, 673, 1230, 3610, 4124, 4285, 2534, 348, 1230, 2534, 775, 17, 86, 226, 2876, 4339, 1230, 221, 271, 17, 226, 4339, 673, 1230, 2534, 271, 775, 17, 86, 3581, 3610, 86, 4339, 673, 1230, 2534, 775, 17, 3581, 1285, 226, 3610, 673, 4124, 673, 2534, 1230, 673, 775, 3581, 1230, 775, 1136, 3581, 673, 2534, 4252, 1230, 271, 1136, 188, 775, 3581, 226, 4339, 673, 4339, 775, 3581, 86, 2534, 2534, 1230, 775, 86, 3581, 226, 324, 4339, 2004, 348, 2534, 673, 1230, 2534, 4124, 1230, 2534, 1136, 17, 775, 3581, 86, 17, 1136, 4339, 1230, 2534, 271, 775, 86, 775, 1136, 257, 1230, 1230, 673, 2534, 775, 17, 86, 1136, 3610, 3922, 3443, 348, 1230, 1992, 348, 1230, 2534, 775, 4252, 226, 1230, 2534, 775, 17, 86, 1506, 1230, 775, 226, 1136, 1230, 2534, 348, 3581, 1230, 1230, 4252, 348, 2534, 1136, 775, 271, 673, 3610, 1230, 348, 4252, 3610, 226, 775, 4252, 2534, 4124, 3219, 2534, 3922, 3610, 775, 1230, 775, 2534, 673, 271, 1136, 1161, 3581, 1261, 17, 86, 2115, 4339, 1230, 271, 1136, 775, 3581, 86, 17, 4339, 1230, 2534, 673, 1136, 226, 292, 775, 1261, 3581, 17, 226, 4339, 3610, 348, 1230, 2534, 673, 1230, 2534, 673, 257, 1136, 775, 3610, 1992, 2534, 1230, 2534, 775, 3610, 1230, 1136, 3581, 348, 4252, 3610, 1230, 3610, 2534, 673, 4339, 1230, 775, 348, 2534, 348, 2534, 4252, 673, 1230, 2534, 673, 226, 1136, 775, 3581, 17, 3581, 2534, 1230, 4252, 348, 3610, 775, 3610, 1230, 4252, 17, 775, 1136, 348, 1230, 1230, 2534, 3610, 4252, 348, 775, 3581, 775, 4252, 1230, 3610, 1230, 4124, 1056, 3922, 4464, 3610, 348, 775, 3581, 775, 17, 2534, 348, 1230, 775, 4252, 348, 1136, 4339, 3610, 1230, 2534, 1136, 226, 83, 1261, 17, 2004, 3610, 1230, 2534, 4222, 1136, 1230, 2534, 673, 1136, 775, 3581, 17, 86, 86, 4339, 1527, 1230, 1230, 2534, 3610, 1136, 775, 1230, 2534, 83, 516, 775, 3581, 1261, 17, 86, 3720, 271, 1230, 2534, 673, 271, 1715, 1136, 226, 3581, 17, 1261, 17, 86, 83, 4339, 3610, 775, 17, 226, 1136, 4339, 3610, 348, 17, 86, 3610, 348, 1230, 2534, 673, 226, 1136, 83, 775, 86, 17, 4339, 4124, 1230, 4124, 2534, 1230, 1230, 775, 1261, 3581, 348, 1230, 673, 2534, 1136, 775, 17, 86, 83, 226, 1230, 1136, 775, 3581, 1261, 86, 3610, 1230, 2534, 673, 1136, 775, 17, 86, 4124, 3922, 1230, 348, 1230, 86, 17, 83, 1230, 1136, 226, 775, 4908, 17, 86, 1230, 1056, 4124, 348, 2534, 348, 4252, 1261, 3581, 775, 17, 775, 775, 17, 1261, 775, 3581, 1136, 1230]"
17,"[18, 344, 624, 624, 18, 624, 61, 624, 61, 1537, 1548, 1716, 1757, 20, 624, 624, 61, 1548, 624, 61, 18, 624, 61, 18, 344, 624, 344, 624, 624, 18, 20, 624, 61, 344, 1716, 1757, 20, 624, 624, 61, 1537, 1548, 20, 624, 61, 1537, 624, 61, 18, 624, 61, 18, 344, 624, 61, 18, 20, 624, 624, 18, 344, 1757, 20, 624, 624, 61, 18, 1716, 1757, 20, 624, 624, 61, 1548, 1716, 1757, 20, 624, 624, 61, 1548, 1716, 1757, 624, 624, 18, 344, 624, 624, 61, 18, 344, 624, 18, 344, 20, 624, 624, 18, 344, 1716, 1757, 20, 624, 61, 1548, 1716, 1757, 20, 624, 624, 18, 624, 624, 61, 344, 20, 624, 624, 61, 18, 344, 1716, 1757, 20, 624, 61, 1716, 1537, 1548, 1757, 624, 624, 61, 18, 624, 61, 18, 344, 624, 624, 61, 18, 344, 18, 344, 1716, 1757, 20, 624, 624, 61, 18, 344, 1716, 1757, 20, 624, 624, 61, 1537, 1716, 1757, 20, 624, 624, 1548, 1716, 1757, 624, 624, 61, 18, 344, 624, 624, 61, 18, 624, 624, 61, 18, 344, 20, 624, 624, 61, 18, 624, 61, 344, 1716, 1757, 20, 624, 624, 61, 1537, 624, 61, 18, 624, 624, 61, 344, 20, 624, 624, 61, 18, 344, 1716, 1757, 624, 1548, 1716, 1757, 20, 624, 624, 61, 1537, 1548, 1716, 1757, 624, 624, 61, 18, 344, 624, 624, 61, 344, 624, 61, 18, 624, 61, 18, 1548, 1716, 1757, 624, 624, 61, 1548, 1757, 344, 624, 624, 18, 344, 20, 624, 61, 18, 344, 1716, 624, 18, 344, 1716, 1757, 20, 624, 61, 1537, 1716, 1757, 20, 624, 624, 61, 1757, 624, 624, 61, 344, 624, 61, 18, 344, 624, 624, 61, 18, 344, 20, 624, 624, 1548, 1716, 1757, 20, 624, 624, 1537, 624, 624, 61, 18, 344, 20, 624, 624, 61, 18, 344, 624, 624, 61, 1548, 1716, 20, 624, 61, 18, 624, 624, 61, 18, 344, 20, 624, 624, 61, 18, 344, 1716, 1757, 624, 61, 344, 1716, 624, 624, 61, 1548, 1716, 1757, 624, 624, 61, 1537, 1548, 1757, 624, 624, 61, 18, 624, 624, 61, 18, 344, 20, 624, 624, 61, 1716, 20, 624, 624, 61, 18, 344, 1757, 20, 624, 1716, 1757, 624, 624, 18, 624, 624, 61, 18, 344, 624, 61, 344, 624, 1716, 1548, 624, 61, 344, 344, 1716, 1757, 624, 624, 61, 1548, 1757, 20, 624, 624, 61, 1537, 1757, 624, 624, 1537, 1548, 1716, 1757, 624, 624, 18, 344, 20, 1757, 624, 18, 1716, 1757, 624, 624, 61, 1537, 1757, 20, 624, 624, 1548, 1716, 344, 624, 624, 61, 18, 344, 61, 1716, 344, 1757, 624, 61, 1537, 1548, 1716, 1757, 20, 624, 61, 1537, 1716, 1757, 624, 624, 61, 344, 20, 624, 624, 1548, 1757, 61, 18, 1716, 1757, 20, 624, 61, 1548, 1716, 20, 61, 18, 624, 18, 344, 20, 624, 624, 18, 344, 1716, 1757, 624, 624, 61, 18, 61, 344, 1757, 61, 18, 624, 61, 624, 624, 61, 18, 624, 61, 18, 344, 624, 624, 18, 344, 20, 624, 624, 61, 61, 1716, 1757, 624, 61, 1537, 1716, 624, 1537, 1716, 1757, 624, 624, 18, 624, 624, 61, 18, 344, 20, 624, 344, 624, 61, 344, 61, 344, 624, 61, 344, 1716, 1548, 1716, 624, 624, 1537, 1548, 624, 18, 344, 624, 61, 344, 1716, 20, 624, 61, 1716, 1757, 20, 624, 1548, 1716, 1757, 20, 624, 624, 18, 624, 61, 344, 624, 20, 624, 61, 344, 1757, 20, 624]"
18,"[19, 19, 1187, 19, 19, 1475, 1498, 1670, 1678, 1941, 1978, 19, 1927, 19, 1187, 19, 1187, 2639, 1187, 19, 1187, 82, 644, 82, 2639, 3569, 3327, 2258, 3700, 3700, 1733, 1187, 19, 1187, 19, 3953, 19, 1187, 19, 1475, 19, 19, 3966, 3966, 1978, 1187, 3327, 3327, 1759, 19, 19, 1187, 19, 3966, 4267, 3254, 3966, 1773, 1187, 19, 19, 1187, 1592, 1187, 4393, 19, 36, 3966, 4150, 1187, 2639, 3966, 1187, 3670, 1978, 19, 3966, 1187, 19, 1592, 19, 1592, 1733, 19, 4516, 19, 1187, 2639, 1872, 19, 1187, 1187, 1978, 1187, 19, 3569, 1187, 2639, 19, 1187, 4657, 19, 19, 1670, 1733, 2639, 4657, 2478, 2477, 1498, 1475, 4516, 4657, 4516, 4657, 4657, 1187, 1187, 1807, 4801, 1659, 1978, 1678, 4516, 4657, 3774, 4516, 4657, 4516, 4657, 4516, 4657, 3569, 2639, 1187, 4516, 4657, 1643, 4657, 4516, 4516, 4657, 1187, 2990, 4516, 1187, 1187, 2639, 1187, 1252, 2437, 1941, 4516, 4657, 4516, 4657, 4516, 4657, 1187, 4516, 4657, 2918, 2935, 1791, 525, 4516, 4657, 4657, 4075, 1018, 1252, 1978, 4516, 4516, 4657, 3966, 4582, 4516, 4657, 3512, 1544, 4657, 3807, 1978, 4516, 4516, 4657, 3966, 4516, 4657, 4657, 4516, 4657, 3966, 4657, 2639, 1941, 1978, 1773, 5040, 1733, 3569, 1325, 5040, 5048, 4516, 4657, 5040, 4516, 4657, 1873, 4657, 4516, 3843, 1187, 5040, 4516, 4657, 3569, 2639, 5040, 4516, 1773, 5079, 102, 1978]"
19,"[20, 580, 20, 1770, 20, 1770, 20, 1770, 502, 580, 20, 20, 1770, 1770, 3533, 20, 2519, 3590, 20, 1770, 1770, 20, 20, 1770, 3906, 1770, 1770, 20, 1770, 2304, 20, 20, 1770, 20, 1533, 20, 20, 1770, 1770, 20, 20, 1770, 20, 20, 3012, 1770, 20, 324, 1173, 1770, 20, 1770, 1770, 20, 1770, 20, 1770, 20, 20, 2556, 20, 2556, 20, 2304, 1770, 2556, 1770, 20, 1770, 1770, 3224, 2570, 20, 20, 3120, 3187, 1770, 20, 2477, 1770, 20, 20, 1716, 1521, 2556, 1770, 20, 20, 4269, 20, 20, 4148, 20, 2750]"
20,"[22, 108, 235, 792, 794, 792, 794, 792, 794, 1310, 792, 794, 794, 2154, 22, 108, 235, 235, 108, 792, 794, 108, 235, 794, 792, 794, 792, 108, 235, 54, 3351, 792, 794, 22, 22, 108, 792, 794, 22, 22, 2154, 108, 235, 792, 794, 1310, 235, 792, 794, 235, 792, 1715, 257, 788, 257, 226, 614, 792, 794, 235, 1310, 794, 792, 2154, 22, 22, 108, 235, 792, 794, 2154, 22, 108, 794, 792, 792, 54, 794, 792, 794, 1310, 792, 794, 792, 794, 4178, 794, 792, 2154, 257, 788, 257, 422, 226, 108, 235, 4178, 108, 235, 794, 4178, 4271, 3603, 3351, 54, 792, 794, 4271, 4178, 794, 2154, 792, 794, 4178, 4271, 108, 235, 4271, 1626, 4178, 4271, 108, 235, 108, 235, 4271, 4178, 3603, 1782, 108, 4178, 4271, 108, 235, 108, 235, 2420, 4178, 4271, 4178, 3351, 54, 108, 235, 108, 4271, 4178, 235, 4178, 4271, 4178, 4271, 4178, 4271, 108, 3351, 108, 3351, 108, 235, 4178, 4271, 4178, 108, 235, 4271, 4178, 54, 4178, 4178, 4271, 4215, 3351, 108, 235, 4178, 1515, 4178, 4271, 4271, 4178, 4178, 4271, 4271, 4178, 4271, 4271, 4178, 4271, 2778, 2293, 1993, 788, 4271, 1310, 4271, 4178, 4271]"
21,"[23, 26, 895, 902, 902, 385, 1539, 36, 1905, 1793, 598, 895, 902, 902, 895, 895, 902, 895, 1578, 249, 895, 895, 902, 23, 895, 902, 895, 902, 895, 902, 385, 1528, 1161, 1252, 2531, 895, 902, 902, 895, 902, 895, 902, 895, 902, 1578, 385, 249, 1744, 617, 617, 1322, 151, 895, 902, 895, 902, 249, 4276, 1576, 895, 902, 895, 902, 895, 902, 1528, 1532, 1539, 2493, 895, 902, 895, 902, 895, 902, 23, 895, 902, 1578, 1161, 249, 1576, 3694, 895, 902, 895, 902, 895, 902, 2531, 1252, 4110, 895, 902, 895, 902, 249, 1576, 895, 902, 895, 902, 895, 902, 895, 902, 249, 1576, 2531, 895, 902, 31, 1249, 895, 895, 902, 895, 902, 1578, 1161, 708, 385, 1707, 895, 902, 708, 902, 708, 895, 902, 1578, 895, 902, 708, 902, 1873, 4801, 708, 151, 1528, 2266, 708, 385, 4110, 2277, 708, 2840, 708, 708, 1578, 895, 902, 708, 151, 895, 4110, 708, 1555, 1539, 36, 708, 151, 1322, 708, 895]"
22,"[24, 589, 916, 589, 916, 916, 589, 916, 589, 916, 589, 1016, 1141, 916, 589, 916, 916, 589, 1016, 589, 916, 589, 589, 916, 589, 589, 916, 3192, 916, 589, 589, 1016, 1016, 589, 589, 916, 916, 1016, 589, 589, 916, 1016, 589, 589, 3443, 589, 589, 916, 916, 589, 916, 589, 916, 3192, 3192, 836, 589, 3192, 3192, 836, 836, 916, 916]"
23,"[25, 25, 168, 25, 25, 2215, 25, 25, 2215, 25, 25, 2215, 25, 25, 2215, 168, 25, 25, 2215, 25, 2215, 25, 25, 159, 411, 25, 25, 331, 25, 25, 3654, 25, 25, 2717, 25, 25, 2215, 2215, 25, 25, 1805, 25, 25, 1805, 115, 25, 25, 2215, 25, 25, 1183]"
24,"[27, 29, 359, 755, 767, 1001, 755, 767, 767, 1522, 1, 767, 2156, 2161, 2166, 2189, 2190, 2156, 2205, 359, 2156, 1001, 2441, 27, 2190, 2189, 2526, 1313, 359, 2441, 27, 2693, 2166, 2793, 2441, 359, 755, 767, 2156, 2793, 2190, 2648, 2997, 1935, 359, 359, 755, 897, 2526, 285, 2793, 755, 3425, 3438, 359, 755, 767, 2190, 2441, 1001, 27, 3516, 2190, 2189, 1682, 1009, 767, 27, 2441, 1935, 2998, 1935, 755, 767, 2156, 2190, 2793, 2166, 2441, 2997, 3081, 359, 3727, 3438, 767, 2156, 3016, 3061, 1313, 1313, 359, 3727, 359, 767, 755, 2526, 2793, 2441, 27, 29, 755, 767, 2793, 2189, 2190, 2190, 2161, 2441, 2648, 29, 2997, 359, 755, 767, 2526, 2793, 2190, 2189, 66, 2648, 2441, 755, 767, 2526, 2166, 2793, 2441, 2648, 3252, 29, 2189, 2190, 2793, 2161, 36, 359, 767, 4130, 359, 755, 767, 583, 1001, 2161, 2189, 920, 2998, 1935, 2189, 2997, 359, 755, 767, 1935, 2997, 2998, 2189, 2793, 2166, 2189, 2648, 2441, 245, 3516, 2190, 1935, 2997, 755, 767, 2526, 2166, 2793, 2441, 2189, 2190, 4067, 3058, 1687, 1607, 1313, 3456, 359, 359, 755, 767, 2156, 2189, 2793, 2190, 2441, 2648, 27, 3516, 2166, 337, 1313, 3879, 359, 767, 2156, 2793, 2441, 2190, 2003, 2441, 2190, 2189, 1935, 2997, 359, 359, 755, 755, 767, 2156, 2166, 1001, 27, 29, 3516, 2793, 1935, 2997, 1935, 359, 359, 3827, 3550, 755, 2156, 2441, 1001, 1313, 3997, 359, 755, 767, 2156, 2190, 2793, 2166, 2161, 2441, 29, 2190, 2189, 3456, 1313, 207, 359, 755, 767, 2526, 2793, 2441, 1001, 29, 755, 767, 2526, 2793, 2190, 2441, 2166, 2793, 2189, 2190, 1935, 2997, 2998, 767, 359, 767, 943, 359, 755, 767, 2526, 2793, 2166, 2189, 1001, 2189, 66, 2190, 2189, 2997, 2998, 1935, 755, 767, 2526, 2189, 2793, 2166, 1001, 2648, 2189, 66, 2190, 2997, 359, 359, 3727, 755, 617, 767, 2269, 767, 359, 27, 2441, 359, 2189, 755, 755, 2441, 1001, 3516, 2693, 2526, 2441, 1313, 2441, 38, 1935, 1935, 3516, 2209, 3252, 2793, 2559, 3425, 3879, 2844, 1801, 61, 1018, 2510, 3896, 3004, 176, 3425, 755]"
25,"[28, 250, 483, 428, 250, 483, 1984, 483, 2152, 1346, 483, 2726, 483, 250, 483, 2152, 61, 2152, 2152, 483, 250, 483, 1984, 250, 2726, 3260, 3284, 2152, 2152, 250, 2726, 2152, 483, 1984, 3590, 483, 1346, 1984, 250, 2152, 3733, 2152, 1173, 250, 2726, 483, 2340, 1984, 3260, 1984, 483, 250, 483, 250, 483, 483, 1346, 1984, 250, 483, 250, 1984, 483, 1346, 250, 1984, 28, 250, 1984, 1984, 483, 483, 1544, 483, 483, 4099, 318, 1346, 483, 483, 318, 250, 483, 1346, 250, 483, 3260]"
26,"[30, 221, 223, 225, 30, 221, 223, 953, 1056, 1058, 418, 297, 89, 1384, 221, 30, 1896, 221, 2118, 223, 1058, 1056, 221, 1056, 1058, 221, 225, 1058, 221, 30, 2411, 30, 30, 221, 2118, 223, 1056, 1058, 221, 953, 1056, 1056, 1058, 221, 225, 1056, 1058, 221, 953, 30, 2118, 221, 223, 1056, 1058, 30, 2594, 221, 2118, 223, 1056, 1058, 221, 1056, 221, 953, 30, 221, 2118, 223, 1056, 1058, 221, 225, 1058, 221, 221, 2118, 223, 1056, 221, 953, 1056, 221, 225, 30, 2594, 221, 2118, 1056, 1058, 221, 953, 30, 2118, 221, 223, 1056, 1058, 221, 225, 1058, 30, 1159, 30, 3882, 30, 221, 1056, 1058, 221, 953, 1058, 221, 225, 1056, 1058, 30, 418, 1527, 1535, 1591, 176, 1159, 297, 89, 2118, 221, 223, 1056, 1058, 221, 1056, 1058, 225, 953, 2118, 221, 2118, 223, 1056, 1058, 221, 225, 1170, 1170, 1087, 3276, 223, 221, 30, 176, 1159, 30, 221, 2118, 223, 225, 1058, 1056, 221, 953, 30, 30, 4276, 221, 2118, 223, 953, 1056, 1058, 225, 30, 418, 418, 297, 1384, 176, 1159, 2594, 30, 221, 2118, 223, 1058, 221, 30, 30, 221, 223, 1056, 1058, 221, 30, 223, 1058, 30, 2594, 30, 3856, 30, 30, 221, 2118, 223, 1056, 1058, 3443, 30, 221, 223, 1056, 1058, 225, 953, 30, 30, 2411, 30, 2118, 223, 1056, 1058, 225, 953, 221, 2118, 223, 1056, 1058, 225, 30, 221, 2118, 223, 1058, 221, 225, 30, 2594, 221, 2118, 223, 1056, 1058, 221, 225, 953, 30, 2118, 221, 1056, 1058, 221, 2118, 1056, 1058, 221, 30, 221, 2118, 223, 1056, 1058, 1056, 30, 221, 2118, 223, 1056, 1058, 221, 225, 30, 221, 2118, 223, 1056, 1058, 2594, 4801, 221, 2118, 223, 1056, 1058, 30, 221, 2118, 223, 1058, 221, 3436, 2594, 221, 2118, 223, 1056, 1058, 3856, 30, 221, 2118, 223, 221, 1056, 1058, 221, 2118, 223, 1058, 1056, 3856, 1058, 30, 221, 2118, 223, 1056, 1058, 221, 30, 221, 2118, 223, 1056, 1058, 221, 953, 223, 221, 225]"
27,"[31, 404, 1104, 151, 791, 76, 537, 1404, 1414, 1761, 1404, 1414, 684, 404, 1404, 867, 1404, 2547, 1414, 1404, 1414, 1404, 3065, 3016, 1404, 1414, 1404, 1824, 3379, 1414, 1404, 1404, 1414, 404, 151, 3274, 1414, 1414, 2547, 1716, 1404, 1414, 2047, 3145, 249, 1414, 31, 1404, 1414, 23, 3863, 614, 1414, 3274, 404, 1414, 3145, 614, 1414, 4276, 2302, 473, 1414, 4067, 1414, 4436, 1414, 428, 2919, 1414, 3977, 3146, 1042, 404, 1404, 1414, 404, 102, 1445, 1414, 404, 1445, 1414, 428, 2940, 2044, 645, 645, 404, 102, 868, 1414, 2964, 404, 1414, 404, 1445, 1414, 2491, 1414, 3534, 1322, 134, 1445, 3146, 1414, 4318, 3863, 354, 2023, 1414, 1414, 443, 267, 3894, 1414, 4013, 473, 4305, 1414, 2968, 1414, 473, 324, 2474, 423, 1414, 31, 2477, 1202, 31, 1414, 36, 3794, 1414, 1414, 3145, 3601, 1209, 1414]"
28,"[32, 33, 136, 155, 157, 159, 168, 411, 418, 488, 464, 596, 596, 603, 605, 626, 628, 33, 937, 936, 952, 1101, 628, 1413, 136, 248, 155, 159, 157, 168, 168, 418, 937, 952, 626, 936, 1756, 33, 1810, 952, 605, 1446, 603, 447, 1934, 937, 33, 1864, 628, 136, 155, 159, 157, 168, 411, 418, 447, 1715, 605, 2364, 2374, 33, 374, 2504, 2558, 2235, 2364, 2568, 2144, 1255, 33, 1756, 2665, 937, 936, 952, 628, 2665, 603, 605, 936, 1413, 2841, 2665, 33, 1934, 603, 605, 1413, 3093, 32, 2975, 159, 168, 418, 937, 1101, 952, 626, 33, 936, 1413, 136, 248, 157, 159, 168, 411, 168, 937, 447, 603, 3506, 3093, 952, 3506, 3093, 936, 626, 626, 32, 33, 937, 1413, 2841, 1992, 33, 1101, 952, 32, 2841, 1992, 3093, 33, 1934, 603, 605, 603, 605, 3093, 605, 936, 33, 1101, 937, 1413, 952, 936, 32, 418, 596, 596, 626, 33, 248, 3323, 1710, 3898, 32, 952, 936, 1101, 626, 33, 952, 447, 1526, 2924, 33, 1413, 952, 1756, 1101, 33, 937, 952, 605, 3093, 1413, 2841, 936, 33, 628, 952, 33, 1101, 447, 176, 33, 952, 33, 136, 248, 155, 159, 168, 411, 168, 157, 1805, 248, 1934, 603, 605, 257, 2816, 952, 936, 937, 1756, 33, 952, 33, 1413, 2841, 937, 33, 1934, 447, 2154, 952, 3898, 1915, 4238, 936, 937, 33, 603, 605, 3093, 33, 1413, 155, 159, 168, 411, 418, 157, 447, 603, 605, 488, 464, 374, 1810, 1413, 937, 936, 32, 2841, 3093, 1101, 628, 33, 628, 1413, 1413, 136, 248, 155, 159, 168, 411, 168, 418, 157, 952, 1934, 2841, 32, 936, 952, 1101, 937, 32, 1756, 33, 33, 952, 1413, 2841, 3093, 2665, 1810, 937, 1934, 603, 136, 159, 447, 605, 936, 952, 33, 1934, 447, 2154, 603, 374, 952, 937, 3958, 936, 952, 33, 1934, 603, 605, 447, 380, 605, 3093, 936, 1810, 33, 952, 1101, 1915, 136, 248, 155, 159, 168, 411, 418, 157, 937, 936, 33, 952, 2665, 1810, 1934, 374, 936, 1413, 1992, 596, 596, 2350, 1101, 626, 936, 33, 952, 1810, 2665, 1101, 626, 33, 32, 1413, 936, 33, 952, 1810, 1101, 626, 937, 1756, 628, 1413, 1934, 603, 238, 2665, 1170, 1018, 1087, 1170, 1810, 1101, 2841, 3093, 2235, 3898, 4529, 33, 952, 447, 605, 603, 1715, 3093, 937, 3898, 1413, 952, 24, 176, 1159, 155, 2004, 488, 1934, 1915, 936, 33, 605, 952, 603, 1756, 32, 2841, 603, 605, 2665, 2841, 1810, 936, 4529, 33, 1810, 33, 952, 628, 1915, 1934, 3093, 2841, 605, 1517, 374, 936, 33, 2235, 1101, 626, 936, 1810, 952, 3093, 1413, 33, 32, 2350, 1934, 4529, 33, 952, 952, 1101, 626, 1810, 4589, 936, 937, 1934, 603, 2235, 605, 3093, 1413, 33, 952, 1101, 626, 1810, 936, 1915, 374, 1934, 2841, 32, 33, 2235, 2364, 1992, 596, 596, 33, 952, 936, 1413, 952, 647, 3093, 1934, 605, 603, 2144, 33, 1992, 136, 248, 159, 168, 157, 418, 952, 33, 33, 2841, 1413, 1934, 603, 603, 605, 3093, 1413, 936, 628, 33, 952, 628, 2144, 2841, 605, 3093, 1413, 626, 1101, 33, 2841, 3436, 952, 1101, 626, 1810, 937, 1756, 1413, 952, 4768, 1934, 603, 605, 1101, 626, 136, 3505, 2841, 936, 2144, 33, 2665, 936, 136, 157, 159, 168, 418, 1805, 937, 33, 2665, 1810, 4768, 32, 1101, 626, 936, 33, 2665, 4768, 1810, 1413, 1101, 626, 2144, 2841, 2144, 33, 1810, 1101, 626, 2841, 2144, 33, 1810, 1101, 626, 952, 952, 2841, 1413, 3093, 33, 952, 1101, 936, 33, 952, 952, 1101, 2350, 4529, 1413, 936, 937, 33, 1756, 952, 626, 1810, 936, 33, 2665, 4768, 1810, 603, 605, 136, 159, 168, 411, 952, 952, 447, 1934, 2841, 937, 936, 33, 2665, 1413, 1415, 136, 30, 1810, 1756, 936, 33, 2665, 4768, 1810, 603, 33, 936, 1413, 2841, 2374, 1415, 605, 3093, 937, 33, 952, 952, 2665, 159, 168, 2665, 1957, 2665, 4529, 1446, 4768, 4529, 33, 1992, 596, 159, 168, 380, 2841, 159, 411, 2665, 1446, 3506, 2665, 4768, 33, 3506, 2004, 33, 3506, 2665, 159, 3506, 159, 168, 3506, 33, 3506, 2665, 4768, 3506, 33, 1992, 2841, 33, 4768, 2841, 33, 3506, 3506, 1446, 33]"
29,"[34, 864, 679, 996, 1065, 1282, 1330, 720, 745, 1864, 745, 2125, 2132, 1703, 745, 720, 2203, 745, 745, 298, 2404, 2436, 102, 1445, 2598, 745, 2792, 745, 782, 1400, 1282, 1330, 720, 745, 1034, 3057, 559, 2536, 3330, 1746, 1592, 1703, 317, 3472, 745, 2404, 2436, 34, 864, 745, 317, 996, 679, 459, 2792, 1282, 1282, 1330, 720, 3700, 1742, 2749, 34, 3871, 745, 2125, 2187, 1703, 317, 2862, 745, 2203, 996, 782, 3472, 317, 298, 2404, 2436, 1742, 864, 745, 2131, 745, 34, 84, 3666, 4044, 2792, 679, 745, 317, 1282, 1330, 720, 745, 1567, 3412, 34, 3324, 1742, 2862, 1041, 334, 3056, 2436, 1426, 402, 406, 406, 2879, 2125, 1703, 317, 745, 720, 2203, 2125, 1041, 3472, 745, 2404, 31, 2170, 2436, 864, 745, 317, 745, 720, 1065, 2792, 4044, 679, 1282, 1330, 720, 406, 1592, 1703, 317, 745, 4462, 34, 3472, 298, 2404, 2436, 1742, 864, 745, 317, 1034, 1746, 2792, 4044, 4462, 2436, 2693, 1282, 1330, 720, 3978, 503, 402, 2125, 1703, 317, 3472, 317, 4462, 679, 34, 1282, 402, 4589, 324, 3056, 337, 34, 3472, 1400, 34, 317, 2792, 4044, 1034, 903, 443, 1400, 4462, 1282, 1330, 720, 1742, 2674, 2125, 1034, 1703, 3472, 1592, 1065, 4462, 2862, 2792, 4044, 745, 443, 3216, 1282, 1330, 1567, 1742, 4700, 4264, 2888, 265, 2125, 1703, 317, 265, 2125, 1703, 996, 2203, 2792, 4044, 298, 4462, 1065, 1592, 443, 2125, 317, 1592, 2203, 3472, 1065, 443, 4094, 1147, 2792, 4044, 1282, 1330, 720, 406, 406, 1703, 1015, 2203, 1065, 864, 4462, 1746, 2792, 4044, 1592, 3213, 1282, 720, 2212, 2125, 2203, 3472, 298, 745, 2436, 1065, 864, 1282, 745, 298, 2436, 2451, 4183, 2125, 1703, 3324, 324, 2125, 443, 1742, 1925, 1742, 3268, 1703, 317, 1592, 745, 2203, 996, 3472, 2404, 2191, 443, 4462, 1330, 215, 324, 2745, 1703, 317, 1592, 1065, 745, 1746, 509, 2404, 1282, 317, 1330, 720, 1371, 2410, 317, 1282, 720, 2668, 3472, 1065, 864, 745, 1282, 1330, 996, 2125, 2203, 317, 1371, 2436, 1065, 864, 317, 2792, 4044, 317, 4462, 1282, 720, 1592, 4893, 864, 102, 2125, 317, 1703, 1371, 298, 745, 1703, 199, 2125, 317, 745, 676, 1371, 676, 59, 2125, 1703, 2060, 3472, 34, 4044, 2858, 2373]"
30,"[35, 177, 515, 580, 1641, 1648, 363, 1777, 580, 1648, 1641, 1648, 1648, 35, 35, 177, 1648, 1648, 580, 1157, 516, 3281, 580, 1648, 1641, 1445, 3512, 3293, 3293, 1648, 1641, 1648, 102, 2961, 1648, 3580, 580, 516, 580, 1648, 1648, 170, 249, 2961, 580, 1648, 580, 1641, 1648, 1641, 1641, 1648, 516, 580, 1648, 1648, 1578, 580, 515, 1648, 1648, 363, 3084, 1648, 1641, 1648, 363, 3691, 580, 1648, 1648, 580, 1648, 1648]"
31,"[36, 1143, 1645, 36, 357, 1758, 3111, 1645, 1143, 1143, 176, 1645, 176, 357, 2828, 1143, 357, 2860, 3512, 1224, 1758, 2585, 1143, 31, 4503, 36, 159, 3053, 1645, 2004, 176, 3821, 1645, 176, 1645, 249, 1381, 176, 176, 1645, 176, 176, 545, 3267, 1645, 176, 1143, 2828, 1381, 1645, 1645, 4280, 176, 176, 4280, 4288, 1645, 679, 1746, 3411, 1143]"
32,"[37, 96, 37, 511, 588, 698, 37, 96, 37, 963, 693, 1080, 693, 1295, 1080, 37, 37, 511, 698, 698, 963, 37, 511, 1080, 511, 698, 1080, 963, 37, 1080, 963, 37, 588, 1080, 37, 96, 698, 588, 37, 2924, 588, 37, 1080, 37, 588, 37, 37, 511, 698, 37, 96, 37, 698, 37, 37, 698, 588, 698, 698, 588, 1080, 37, 2924, 588, 96, 1080, 963, 588, 37, 96, 37, 37, 698, 96, 1080, 37, 698, 511, 37, 698, 588, 96, 511, 698, 588, 96, 37, 698, 37, 2924, 698, 96, 1080, 963, 37, 698, 37, 511, 37, 698, 588, 37, 37, 2924, 698, 588, 96, 1080, 37, 37, 698, 96, 963, 37, 588, 698, 588, 698, 37, 96, 1080, 698, 698, 37, 588, 588, 2924, 698, 37, 588, 698, 1080, 963, 37, 963, 511, 511, 37, 698, 588, 1080, 37, 698, 37, 96, 37, 698, 37, 37, 963, 37, 96, 37, 96, 1080, 588, 2924, 698, 37, 96, 1080, 963, 1639, 37, 1080, 698, 37, 37, 1080, 698, 76, 37, 1080, 37, 511, 698, 37, 2811, 1080, 2192, 37, 511, 588, 1080, 963, 37, 698, 1080, 511, 698, 4527, 2811, 2924, 698, 698, 1080, 3350, 698, 698, 511, 698, 698, 1080, 37, 698, 588, 96, 37, 37, 1080, 511, 588, 1080, 698, 37, 1080, 963, 698, 37, 37, 698, 1080, 963, 698, 1080, 37, 37, 698, 37]"
33,"[38, 1750, 2543, 2936, 3041, 1750, 2936, 3890, 1488, 1488, 1812, 2936, 4340, 322, 557, 1750, 3977, 197, 3890, 2936, 1812, 1817, 2417, 3276, 1747, 197, 2936, 2543, 2543, 1812, 1750, 3788]"
34,"[39, 900, 906, 1287, 900, 175, 1287, 1927, 1147, 900, 906, 900, 900, 906, 1287, 900, 906, 39, 1786, 2551, 1287, 3324, 1484, 1147, 906, 900, 906, 82, 1287, 3835, 2668, 36, 1485, 3835, 1075, 1043, 363, 1147, 175, 2961, 900, 906, 175, 39, 900, 906, 39, 1287, 900, 906, 1287, 2961, 900, 906, 900, 906, 39, 900, 906, 1287, 900, 906, 900, 900, 1147, 1287, 175, 2961, 900, 906, 39, 900, 906, 2961, 900, 906, 900, 906, 2179, 900, 906, 900, 39, 906, 1287, 1287, 900, 906, 39, 900, 906, 39, 900, 906, 39, 1287, 1872, 1147, 1287, 900, 906, 900, 900, 906, 900, 906, 39, 1147, 900, 906, 1287, 507, 1147, 1075, 2352, 2961, 900, 906, 2961, 900, 906, 1287, 1147, 2961, 900, 906, 2191, 2278, 39, 900]"
35,"[40, 133, 185, 213, 242, 830, 213, 954, 830, 1236, 213, 1249, 1448, 1634, 1448, 1774, 830, 1634, 1864, 1954, 242, 830, 2133, 1236, 213, 185, 2140, 2155, 2158, 133, 213, 1842, 1634, 242, 2279, 1774, 2410, 2446, 1774, 2482, 242, 1774, 213, 954, 2701, 350, 213, 1236, 1634, 1774, 830, 2133, 1236, 213, 1249, 2773, 2701, 213, 1842, 2133, 1774, 830, 2133, 1236, 213, 350, 2965, 954, 350, 213, 2133, 1634, 1448, 1774, 808, 1236, 350, 2965, 2701, 350, 213, 2133, 242, 1774, 830, 1448, 2279, 1634, 242, 830, 213, 40, 2158, 2158, 133, 2155, 830, 1236, 213, 2140, 2158, 2155, 213, 1842, 242, 830, 1842, 213, 350, 2965, 954, 3535, 213, 1236, 2279, 1634, 830, 2279, 1634, 1774, 830, 1448, 1634, 2446, 830, 2133, 1236, 213, 350, 2965, 954, 2701, 213, 830, 2812, 2698, 1589, 2812, 1774, 830, 2140, 2155, 2158, 40, 133, 2597, 1634, 242, 1774, 830, 2133, 1236, 213, 2140, 2158, 2155, 133, 185, 213, 1842, 2279, 1634, 1774, 830, 1236, 213, 2965, 954, 213, 1842, 1634, 830, 2133, 1236, 213, 1249, 2773, 830, 1634, 213, 1955, 1955, 2158, 2155, 133, 1842, 242, 2279, 2446, 1774, 830, 1634, 1448, 2279, 1954, 3647, 1774, 830, 242, 2279, 2133, 2155, 3225, 2773, 213, 1842, 242, 2446, 2279, 1634, 1774, 830, 2133, 1236, 213, 1249, 2773, 954, 350, 213, 2279, 1634, 2446, 830, 1634, 1774, 830, 1634, 4276, 1954, 1448, 242, 1448, 2279, 1954, 1774, 830, 185, 2140, 2155, 2158, 133, 2140, 185, 1634, 2279, 2140, 2155, 2158, 133, 185, 213, 1842, 1448, 2279, 1774, 830, 1954, 4369, 1842, 213, 350, 2965, 3535, 350, 213, 1236, 1634, 1774, 1249, 213, 1634, 1774, 830, 1634, 1448, 2279, 1448, 1774, 830, 2133, 1236, 213, 350, 2965, 954, 3535, 954, 213, 1842, 1634, 2482, 830, 242, 1634, 2279, 1448, 830, 1634, 2133, 1236, 213, 2140, 2155, 2158, 2158, 133, 2482, 2279, 1774, 830, 2133, 1236, 213, 2140, 2155, 133, 3225, 185, 213, 1842, 1634, 2279, 1448, 1774, 1634, 830, 2279, 4369, 1842, 213, 350, 2965, 954, 3535, 350, 1236, 242, 1774, 830, 1634, 2133, 1236, 213, 1249, 2773, 2773, 3535, 213, 1448, 954, 1842, 1634, 242, 4369, 1774, 1634, 830, 2133, 1236, 213, 350, 2965, 954, 3535, 213, 1774, 830, 1634, 1236, 213, 2155, 2158, 40, 2140, 213, 1842, 1774, 830, 1634, 1954, 350, 213, 4369, 1774, 1634, 242, 1448, 2279, 1774, 242, 4590, 3087, 4590, 830, 1774, 1634, 2446, 1774, 1634, 2279, 1448, 2812, 249, 761, 312, 1900, 1774, 1634, 2279, 4590, 242, 2446, 3436, 1774, 830, 1448, 1236, 1448, 1924, 2133, 1634, 2446, 1774, 2446, 830, 1634, 1236, 2812, 185, 4590, 1774, 1634, 1634, 2279, 1842, 213, 350, 2965, 2848, 954, 350, 1236, 4369, 830, 1774, 830, 2133, 1236, 213, 1249, 2773, 1842, 1634, 213, 1249, 2773, 2842, 213, 1842, 2279, 1448, 830, 1774, 830, 1634, 1448, 2446, 1774, 1634, 2279, 242, 1448, 830, 1634, 2133, 1236, 213, 1249, 2773, 3491, 1842, 1448, 830, 1774, 1634, 3385, 1448, 2279, 1774, 1634, 830, 1842, 213, 350, 2965, 954, 4369, 1634, 2133, 1236, 213, 1249, 2773, 1634, 2279, 213, 1842, 1448, 2279, 1774, 1634, 1954, 830, 1774, 1774, 1634, 2279, 2701, 3535, 213, 1842, 2133, 1448, 1774, 1634, 2133, 1236, 213, 1249, 1448, 1531, 4590, 1774, 1634, 4369, 1236, 3436, 830, 4590, 3087, 4590, 1774, 1634, 2446, 242, 4590, 617, 4299, 2133, 830, 1774, 1634, 1774, 242, 2279, 830, 1236, 1448, 4801, 242, 1448, 2446, 830, 1634, 2133, 1236, 213, 1249, 2773, 2773, 1842, 4369, 830, 1634, 1774, 1634, 242, 1954, 1236, 213, 350, 2965, 3535, 2701, 350, 1842, 1774, 242, 4369, 1236, 1249, 2773, 200, 213, 1842, 1448, 2446, 1774, 1634, 242, 1448, 1774, 1634, 1634, 242, 1448, 1774, 1634, 242, 830, 4590, 604, 4590, 1774, 1634, 242, 242, 1448, 830, 1634, 1954, 4369, 350, 954, 2701, 3535, 350, 3436, 213, 1842, 1774, 1634, 242, 830, 2133, 1236, 249, 4365, 4682, 1899, 213, 1634, 954, 2923, 830, 1774, 830, 1448, 1954, 4369, 1448, 830, 1774, 1448, 242, 1448, 1774, 830, 1236, 242, 954, 1634, 1448, 1236, 2965, 954, 350, 213, 830, 242, 830, 2701, 2701]"
36,"[42, 50, 415, 410, 40, 439, 1248, 1265, 1431, 1441, 410, 1265, 1453, 439, 1431, 415, 1630, 1674, 1890, 415, 1431, 1674, 1674, 415, 1431, 2469, 1674, 1077, 1431, 415, 1674, 1431, 1630, 415, 1674, 1248, 1431, 410, 42, 1431, 1431, 1248, 1431, 410, 40, 50, 439, 1441, 1431, 415, 1431, 1265, 1431, 1265, 1453, 1630, 415, 1431, 415, 3889, 2986, 793, 415, 40, 1441, 42, 415, 410, 1453, 1265, 1453, 410, 1441, 42, 1431, 1431, 1265, 1453, 1453, 227, 2469, 50, 1431, 415, 3874, 415, 1431, 1265, 1453, 410, 1265, 1453, 1453, 410, 439, 1431, 50, 3874, 415, 1431, 3874, 1431, 1674, 1630, 1431, 1248, 1431, 42, 1441, 1441, 42, 1431, 415, 1431, 1630, 1431, 1431, 42, 1431, 415, 415, 1431, 40, 1265, 1441, 415, 1630, 1431, 1431, 1453, 1265, 50, 4425, 3874, 415, 415, 1431, 410, 40, 42, 1431, 410, 1265, 42, 1630, 1674, 415, 1630, 415, 1431, 1441, 42, 1431, 1431, 1265, 1453, 2469, 50, 415, 1431, 1431, 42, 40, 50, 1431, 1265, 151, 50, 2469, 1431, 1431, 1265, 1453, 2469, 50, 1431, 1265, 42, 1453, 1248, 1431, 1630, 1431, 1431, 1248, 415, 3874, 1431, 415, 1431, 1237, 415, 1431, 1630, 415, 415, 1431, 1431, 415, 1431, 1431, 50, 439, 1431, 1630, 415, 793, 4251, 50, 1431, 50, 2469, 4251, 3218, 2626, 1431, 337, 793, 315, 50, 2469, 4251, 2293, 3218, 2469, 50, 1431, 4251, 2293, 4211, 2626, 315, 793, 415, 1431, 1431, 50, 2469, 2626, 4251, 2293, 2469, 1431, 50, 2469, 2626, 793, 1431, 415, 415, 1431, 2469, 4251, 2293, 3218, 4211, 2626, 1431, 1431, 227, 2293, 4211, 4251, 2626, 2469, 1431, 42, 1441, 382, 1441, 1431, 2293, 2626, 4251, 4211, 2469, 1431, 321, 2816, 415, 1431, 1674, 1630, 1431, 1630, 1431, 50, 2469, 2293, 4211, 2626, 2469, 1431, 1431, 4251, 4211, 2626, 793, 315, 42, 382, 1537]"
37,"[22, 165, 524, 633, 165, 1017, 1120, 165, 22, 22, 633, 633, 1800, 1800, 633, 22, 1017, 524, 633, 165, 22, 524, 633, 165, 1017, 22, 165, 2725, 524, 633, 22, 633, 1017, 633, 1183, 524, 1800, 2222, 633, 165, 22, 1017, 165, 524, 1017, 165, 524, 633, 165, 22, 633, 165, 524, 331, 1800, 633, 165, 633, 22, 524, 1017, 165, 22, 524, 633, 1017, 165, 633, 1800, 633, 22, 22, 524, 633, 165, 633, 1017, 524, 633, 22, 633, 22, 524, 22, 633, 165, 524, 633, 22, 165, 1017, 633, 1800, 1017, 1800, 1017, 165, 1800, 1800, 2725, 22, 1800, 2725, 1017, 1800, 2725, 22, 176, 1159, 1800, 2725, 1017, 1800, 2725, 22, 1800, 2725, 1800, 3054, 3146, 1812, 1800, 1800, 2725, 524, 22, 2725, 1800, 1800, 1017, 1800, 1800, 1017, 1800, 3766, 2222, 1800, 1800, 1017, 1800, 1800, 1017, 1800, 1017, 3333, 1017, 1017, 1800, 1017, 1800, 644, 82, 644, 1800, 1800, 1017, 22, 165, 1017, 1800, 1017, 1800, 1800]"
38,"[43, 59, 679, 913, 43, 913, 1553, 1931, 1977, 870, 913, 43, 745, 745, 913, 679, 679, 2819, 177, 679, 324, 679, 913, 43, 59, 679, 913, 59, 3078, 679, 1018, 771, 679, 913, 679, 1594, 679, 913, 679, 913, 679, 913, 913, 3664, 3306, 1594, 1931, 913, 679, 913, 679, 3079, 913, 679, 913, 913, 679, 913, 2659, 1976, 1075, 1931, 337, 2198, 913, 679, 679, 913, 43, 913, 679, 679, 913, 3015, 679, 913, 1594, 1976, 913, 679, 43, 1777, 679, 913]"
39,"[44, 542, 1643, 542, 542, 1976, 2028, 542, 542, 44, 542, 2833, 44, 1913, 1951, 542, 1682, 1964, 44, 542, 3685, 3685, 3876, 542, 44, 44, 3776, 44, 145, 44, 44, 1173, 1998, 3685, 4134, 542, 1361, 44, 542, 542, 3491, 3685, 328, 883, 889, 889, 1614, 3491, 328, 61]"
40,"[45, 331, 719, 3315, 719, 719, 331, 719, 3315, 3315, 719, 3315, 719, 3315, 3315, 719, 719, 3315, 3315, 45, 3315, 3315, 719, 719, 159, 3315, 719, 3315, 3614, 45, 3796, 45, 3315, 176, 45, 3315, 3315, 719, 3315, 3315, 719, 3315, 719, 45, 3315, 719, 3315, 3315, 719, 3315, 2437, 3315, 719, 3315, 3315, 719, 3315, 3315, 45, 3315, 719, 3315, 3922, 238, 1805, 3315, 719, 45, 3315, 2821, 3315, 3315, 719, 3315, 3315, 719, 3315, 45, 3315, 3315, 719, 3315, 719, 3315, 2821, 3315, 3315, 719, 331, 719, 3605, 2816, 45, 3315, 719, 45, 3315, 45, 3315, 1896, 3315, 45, 3315, 3315, 45, 45, 30, 3315, 3315, 4801, 45, 45, 3856, 45, 3315, 3315, 45, 3315, 3315, 45, 1598, 3315, 2915, 3584, 3315, 3315, 45, 3315, 3315, 3218, 3315, 3315, 45, 45, 4303, 3315, 3315, 45, 3315, 45, 3315, 45, 3315, 45, 2594, 3315, 3796, 3315, 3315, 719, 3315, 45, 3315, 45, 3315, 719, 3315, 3315, 719, 719, 3315, 3315, 719, 719, 45, 45, 719, 45]"
41,"[47, 553, 554, 703, 47, 554, 553, 703, 1242, 554, 553, 1864, 47, 703, 47, 553, 2309, 1242, 2486, 47, 553, 554, 703, 1242, 553, 2309, 703, 1242, 2486, 47, 553, 703, 1242, 2486, 47, 554, 553, 2309, 47, 553, 554, 1242, 703, 47, 553, 554, 703, 47, 553, 1242, 47, 553, 2309, 1242, 2486, 47, 553, 554, 2309, 47, 553, 2309, 47, 553, 554, 2309, 553, 554, 2309, 703, 47, 554, 553, 2309, 1242, 2309, 553, 554, 703, 1242, 1242, 47, 553, 554, 2309, 1242, 2486, 47, 553, 554, 2309, 1242, 47, 553, 554, 703, 1242, 1242, 47, 553, 554, 2309, 1242, 47, 553, 554, 2309, 703, 1242, 47, 553, 554, 47, 553, 554, 47, 553, 554, 1242, 47, 554, 1242, 703, 47, 2309, 554, 553, 47, 553, 554, 2309, 703, 554, 2309, 2309, 554, 553, 47, 553, 2309, 554, 1242, 703, 47, 47, 553, 554, 2309, 1242, 47, 553, 554, 2309, 1242, 553, 554, 554, 553, 47, 2309, 703, 1242, 47, 47, 553, 554, 2309, 1242, 2486, 47, 553, 554, 2309, 1242, 47, 553, 554, 2309, 2486, 47, 553, 554, 2309, 47, 553, 554, 2309, 47, 2309, 554, 553, 703, 47, 2486, 1242, 47, 554, 553, 2309, 47, 1242, 703, 2309, 553, 1242, 1242, 47, 553, 554, 703, 1242, 47, 2309, 1242, 553, 47, 554, 2309, 703, 1242, 554, 553, 1242, 47, 554, 2309, 1242, 1242, 703, 47, 553, 554, 2309, 1242, 47, 2309, 554, 1242, 47, 2309, 553, 2309, 703, 1242, 2486, 47, 2309, 554, 553, 1242, 47, 553, 554, 2309, 47, 2309, 703, 2309, 1242, 553, 1242, 553, 2309, 2486, 1242, 47, 553, 554, 2309, 2486, 47, 553, 554, 2309, 2486, 2309, 554, 1242, 47, 553, 1242, 554, 553, 2309, 703, 1242, 2486, 47, 553, 554, 2309, 47, 553, 2309, 2486, 553, 554, 2309, 1242, 47, 47, 554, 553, 2309, 47, 554, 2309, 703, 2309, 554, 553, 2486, 1242, 47, 2309, 554, 703, 2486, 2309, 47, 2309, 553, 1242, 2486, 47, 2309, 554, 553, 703, 1242, 47, 553, 1170, 1170, 47, 553, 554, 703, 553, 2486, 47, 554, 553, 554, 553, 2309, 703, 1242]"
42,"[48, 109, 48, 927, 116, 867, 48, 109, 2417, 2432, 2440, 109, 48, 1465, 109, 109, 249, 249, 48, 109, 2051, 109, 2417, 109, 78, 109, 109, 3660, 38, 109, 109, 4143, 109, 249, 1900, 2114, 48, 109, 897, 59, 357, 109, 1528, 2010, 1179, 109, 1465, 1303, 2040, 109, 1465, 109, 1543, 2417, 109, 598, 1252, 1930, 2040, 109, 38, 324, 357, 38, 109, 109, 1475, 48, 109, 36, 48, 109, 109, 48, 48, 357, 151, 1303, 1998, 1075, 109, 537, 1475, 109, 4528, 1303, 4143, 109, 226, 48, 4143, 109, 333, 2494, 3972, 1682, 1143, 2828, 109, 109, 2149, 109, 3049, 1475, 48, 1451, 2417, 3049, 81, 2557, 3049, 2557, 257, 3049, 48, 109, 48, 109, 151, 267, 4143, 333, 3049, 81, 109, 3049, 3049, 1303, 842, 3774, 3049, 1530, 3273, 267, 727, 4528, 2645, 1018, 3437, 4971, 4971, 129, 148, 169, 267, 3258, 3049, 3049, 3809, 5019, 4574, 4893, 3049, 267, 5048, 777, 267, 2756, 3049, 3049, 1170, 176]"
43,"[49, 1206, 49, 1206, 49, 1206, 329, 49, 1206, 50, 42, 2781, 2782, 2504, 49, 1206, 1957, 2472, 2504, 1174, 49, 49, 1206, 1205, 1206, 1206, 2504, 49, 4147, 1206, 49, 49, 2504, 49, 1206, 1206, 2504, 49, 1957, 1206, 49, 1957, 49, 1206, 49, 1206, 49, 49, 257, 49, 1206, 49, 49, 1957, 1206, 49, 2504]"
44,"[51, 815, 859, 51, 51, 815, 859, 2211, 51, 51, 2430, 2211, 859, 51, 815, 51, 859, 815, 859, 815, 51, 859, 102, 815, 2211, 859, 51, 3657, 815, 815, 2211, 51, 2314, 815, 815, 806, 51, 859, 443, 1609, 815, 51, 3657, 806, 815, 859, 51, 806, 815, 699, 815, 806, 859, 51, 859, 51, 806, 443, 859, 443, 443, 859, 51, 1609, 815, 859, 51, 2211, 102, 815, 859, 51, 815, 1222, 515, 815, 842, 815, 3676, 406, 3699, 815, 406, 815, 2211, 51, 859, 815, 859, 51, 268, 2211, 815, 859, 268, 3640, 3759, 815, 859, 51, 815, 51, 268, 815, 51, 2211, 859, 859, 3657, 443, 842, 859, 51, 102, 3640, 859, 443, 51, 815, 2913, 815, 51, 859, 815, 859, 51, 268, 859, 51, 3657, 3640, 102, 3397, 859, 51, 443, 859, 3640, 268, 815, 815, 51, 859, 443, 3397, 102, 3640, 859, 51, 815, 268, 815, 859, 443, 815, 859, 815, 859, 815, 859, 102, 3640, 443, 815, 859, 815, 2211, 815, 2012, 443, 815, 859, 268, 443, 815, 842, 815, 859, 268, 859, 102, 443, 51, 859, 815, 859, 2430, 842, 815, 443, 2211, 859, 51, 443, 815, 51, 859, 815, 51, 859, 102, 443, 815, 859, 51, 51, 2012, 51, 859, 815, 406, 4418, 3657, 815, 2012, 815, 3657, 2211, 268, 815, 51, 859, 815, 859, 815, 859, 842, 815, 51, 2211, 815, 859, 268, 815, 815]"
45,"[52, 102, 699, 52, 967, 1049, 106, 1239, 1049, 1337, 967, 1049, 1337, 2141, 52, 699, 1049, 1337, 2182, 967, 699, 102, 2251, 102, 699, 2141, 967, 2251, 102, 52, 699, 2141, 52, 699, 1049, 102, 1239, 2251, 102, 1337, 2182, 102, 2251, 699, 1337, 52, 967, 1337, 699, 267, 999, 324, 1239, 1239, 2618, 200, 1219, 1042, 102, 1337, 52, 699, 2182, 967, 699, 2141, 967, 102, 699, 1337, 1049, 1337, 2182, 967, 1337, 52, 2132, 2819, 740, 1337, 2141, 699, 102, 2712, 740, 2251, 699, 1337, 2141, 1155, 1685, 927, 2251, 699, 2141, 699, 2467, 324, 1337, 2141, 2251, 102, 2141, 2182, 740, 2251, 967, 52, 1873, 2011, 1387, 3403, 363, 102, 740, 699, 967, 102, 967, 102, 3676, 2251, 3999, 699, 2182, 967, 2209, 3025, 699, 2251, 740, 2251, 1049, 2251, 2251, 102, 967, 699, 102, 1049, 3469, 740, 2251, 102, 699, 740, 740, 2182, 967, 1445, 102, 2251, 102, 967, 699, 102, 2251, 2182, 1049, 1104, 3414]"
46,"[53, 601, 273, 273, 601, 273, 330, 1522, 1801, 273, 601, 601, 53, 1801, 601, 273, 53, 273, 601, 53, 601, 330, 1801, 601, 53, 53, 601, 53, 53, 601, 273, 53, 1801, 53, 53, 1207, 249, 1687, 53, 397, 601, 601, 1801, 1905, 601, 601, 1606, 1687, 601]"
47,"[54, 303, 1223, 1850, 303, 1585, 2383, 2385, 2460, 2383, 2580, 2383, 2580, 2460, 2886, 1223, 303, 303, 2580, 2580, 3157, 3158, 2383, 1850, 3201, 2383, 2580, 2383, 2460, 2385, 3333, 2460, 303, 2580, 2383, 2383, 3201, 1223, 54, 1585, 303, 2580, 303, 2383, 1850, 3201, 2383, 2580, 2460, 2383, 2460, 2385, 2580, 2383, 2383, 2580, 1223, 3201, 2460, 303, 2383, 2383, 2580, 2580, 1223, 2383, 2580, 3201, 2383, 2460, 2383, 2385, 2460, 2383, 2580, 2580, 2383, 2383, 3157, 1850, 303, 2383, 1850, 3201, 2383, 2385, 1585, 54, 2460, 303, 2383, 2383, 2580, 2580, 2383, 3157, 1585, 2383, 2460, 2383, 2385, 2383, 2383, 303, 2580, 2383, 1850, 2383, 4589, 2383, 3201, 2385, 2460, 1120, 1585, 2383, 2383, 3201, 2383, 2383, 2385, 2383, 2580, 2383, 3201, 2383, 3157, 2383, 1850, 1205, 2383, 2385, 3201, 2383, 2383, 1223, 54, 2383, 3201, 2383, 303, 2383, 3157, 2383, 2385, 54, 2383, 2383, 2385, 2383, 2580, 2383, 2383, 303, 2580, 303, 2383, 1254, 2383, 3157, 1295, 3201, 1585, 1850, 2383, 304, 2383, 2383, 303, 2383, 2385, 54, 2383, 2383, 2580, 2383, 2383, 3201, 1223, 2385, 3157, 2383, 2383, 1223, 1850, 2383, 2383, 3201, 1585, 2383, 303, 2383, 1850, 1223, 3157, 2580, 303]"
48,"[55, 749, 55, 2394, 2419, 55, 55, 2678, 2008, 2394, 55, 55, 749, 2394, 55, 3515, 102, 2394, 55, 2097, 3710, 1654, 749, 749, 55, 2394, 55, 55, 3710, 2678, 2394, 55, 749, 55, 3291, 245, 1475, 1075, 1729, 2210, 749, 55, 749, 55, 3515, 55, 2394, 3515, 749, 55, 1010, 61, 1001, 2394, 55, 2008, 2209, 2394, 55, 749, 55, 749, 55, 2394, 749, 2419, 702, 2394, 3710, 4145, 749, 2394, 2419, 749, 2419, 749, 2419, 749, 2419, 2678, 702, 2008, 2419, 2419, 2394, 749, 2419, 2008, 749, 749, 2419, 749, 2419, 749, 3710, 3710, 749, 749, 3515, 749, 749, 3710, 2008, 3515, 749, 749, 3328, 3664, 102, 2801, 4076, 749, 749, 2570]"
49,"[56, 360, 56, 360, 56, 360, 61, 82, 360, 56, 360, 360, 56, 2114, 56, 1577, 1196, 56, 360, 56, 56, 360, 2956, 1211, 1577, 56, 1576, 3213, 56, 2114, 56, 56, 4519, 3694, 3024, 2114, 3673, 56, 1707, 1075, 56, 1614, 56, 1405, 56, 1576, 2659, 1707, 1687, 1873, 56, 1030, 56, 1769, 56, 1925, 1576, 1925, 2839]"
50,"[57, 267, 376, 431, 665, 667, 665, 667, 665, 667, 431, 2037, 376, 665, 267, 57, 431, 665, 667, 665, 667, 249, 2324, 473, 1195, 667, 665, 1638, 3074, 667, 665, 431, 151, 1077, 1202, 665, 667, 376, 665, 667, 665, 667, 267, 431, 665, 667, 376, 4238, 4276, 229, 2324, 429, 1872, 2525, 4388, 4388, 376, 2447, 3982, 667, 2732, 4388, 777, 4388, 667, 777, 777, 101, 667, 4388, 431, 376, 667, 777, 3882, 4388, 3882, 431, 4388, 4388, 665, 4388, 324, 667, 431, 473, 1195, 3012, 667, 667, 665, 777, 3436, 667, 777, 3436, 667, 777, 1618, 2512, 667, 4179, 4801, 3436, 2887, 667, 3436, 667, 3436, 667, 777, 665, 667, 777, 667, 777, 667, 777, 1603, 151, 667, 3882, 667, 777, 3436, 667, 3436, 3436, 3882, 1555, 249, 1385, 667, 667, 777, 3882, 667, 1638, 2512, 667, 3436, 667, 3436, 61, 667, 3882, 667, 4388, 2732, 4388, 4893, 4388, 4388, 2209, 3491, 5079]"
51,"[58, 301, 176, 1159, 1183, 1864, 2253, 58, 2271, 58, 301, 58, 58, 301, 2727, 2271, 58, 301, 58, 301, 301, 2948, 301, 331, 58, 2727, 301, 3075, 58, 2948, 2271, 2948, 58, 301, 58, 1205, 2727, 2948, 2253, 301, 3602, 58, 2727, 58, 2727, 3882, 58, 301, 301, 1205, 3758, 58, 58, 301, 2948, 2253, 2727, 331, 3075, 2948, 58, 331, 58, 2948, 58, 58, 2727, 1205, 2253, 301, 2271, 58, 331, 301, 4256, 2948, 3075, 4256, 4276, 3838, 4292, 1933, 331, 58, 301, 58, 2727, 2253, 2948, 58, 3075, 3602, 331, 58, 4256, 301, 301, 4256, 58, 3838, 58, 301, 2727, 331, 301, 4589, 301, 301, 4256, 1389, 324, 1475, 1879, 170, 1389, 3086, 4256, 301, 2727, 2253, 301, 331, 301, 331, 301, 2253, 2727, 331, 301, 58, 301, 2727, 2727, 4292, 1933, 2948, 4256, 58, 301, 2948, 301, 58, 1205, 58, 2948, 4256, 1933, 4256, 2948, 331, 1056, 331, 58, 301, 2948, 58, 2948, 58, 301, 58, 2727, 58, 58, 331, 2727, 58, 4256, 2271, 2948, 331, 2727, 58, 2948, 301, 2948, 4801, 3436, 301, 301, 58, 331, 301, 3033, 2948, 58, 301, 4256, 2948, 301, 2948, 301, 58, 2727, 1159, 58, 4256, 2727, 3838, 2727, 4256, 4256, 2948, 2727, 301, 301, 2253, 331, 58, 3838, 4292, 301, 2727, 301, 2727, 58, 2727, 3054, 2948, 3819, 58, 301, 301, 2948, 301, 58, 58, 2727, 331, 58, 58, 301, 2948, 1170, 1018, 1170, 2727, 58, 3584, 301, 2253, 58, 2727, 2253, 2727, 331, 58, 1205, 301, 331, 301, 331, 2727, 301, 2948, 301, 301, 2253, 301, 2727, 2727, 331, 58, 2727, 58, 2948, 58, 301, 58, 301, 301, 2727, 2948, 58, 58, 301, 2727, 5079, 5079]"
52,"[60, 63, 64, 583, 584, 585, 64, 590, 593, 1111, 1113, 1114, 1958, 1960, 1963, 1111, 1113, 63, 2243, 1958, 2550, 2458, 2513, 2112, 2557, 1111, 1113, 1114, 590, 63, 64, 2611, 2620, 583, 2745, 1958, 2458, 2458, 2513, 684, 943, 593, 593, 60, 590, 2843, 64, 2557, 2112, 2945, 583, 584, 2947, 590, 60, 1113, 1111, 2949, 1269, 2184, 2458, 2745, 1958, 3134, 2513, 2557, 583, 585, 2620, 64, 2947, 1113, 60, 2947, 2184, 3146, 1958, 1958, 1113, 593, 1111, 590, 64, 3497, 2917, 2745, 1812, 2458, 1113, 1114, 583, 1113, 2949, 593, 2620, 2458, 684, 583, 2243, 2243, 2559, 2611, 64, 63, 1111, 2949, 593, 60, 3744, 593, 1113, 1114, 2843, 584, 583, 1960, 2513, 684, 3103, 3007, 2112, 583, 585, 2243, 2620, 406, 1111, 1113, 2843, 2557, 2557, 684, 3103, 3134, 2745, 1958, 80, 2458, 81, 2112, 2243, 585, 2243, 590, 593, 1111, 60, 3744, 2611, 3952, 2947, 2745, 3146, 2513, 1111, 585, 2745, 1958, 2513, 2557, 705, 2243, 585, 2620, 2843, 63, 64, 2620, 2243, 583, 3744, 3952, 406, 2611, 590, 593, 1111, 3952, 3744, 3744, 583, 1960, 684, 3007, 3103, 2557, 2112, 3744, 1111, 3952, 2557, 897, 1960, 1963, 1958, 2745, 2458, 2112, 2557, 585, 2243, 2620, 64, 593, 3744, 60, 2843, 63, 64, 4180, 4180, 1960, 1963, 1958, 3134, 2745, 1812, 2458, 3103, 684, 2112, 2243, 584, 2947, 590, 63, 3134, 1958, 1963, 897, 2557, 2112, 585, 2947, 590, 63, 2243, 2557, 102, 1963, 1960, 2745, 2557, 583, 584, 60, 3952, 2949, 2611, 583, 2611, 2550, 1682, 3972, 11, 442, 416, 585, 590, 60, 2843, 2947, 63, 64, 585, 593, 1113, 1114, 63, 2611, 2620, 584, 2839, 1918, 3134, 1963, 2557, 583, 2243, 1958, 897, 2112, 585, 2243, 2620, 1113, 1114, 593, 60, 60, 1960, 1963, 2550, 3134, 1682, 2557, 2243, 1111, 3952, 60, 590, 63, 2611, 2243, 583, 3007, 2745, 2458, 2513, 3134, 1958, 3134, 585, 2243, 2611, 64, 590, 593, 60, 2620, 2243, 584, 1960, 1958, 1958, 2550, 2745, 2557, 705, 2243, 583, 406, 1111, 2949, 1113, 590, 2243, 583, 1963, 2557, 2557, 584, 585, 2620, 64, 2947, 1111, 3811, 2243, 2112, 2945, 583, 64, 2949, 2947, 590, 2611, 2243, 583, 1960, 2513, 2839, 3134, 1958, 1960, 1963, 2557, 2945, 63, 2843, 3952, 60, 590, 63, 2620, 2048, 2550, 1958, 684, 585, 2243, 593, 2417, 2745, 2513, 593, 3744, 3952, 2843, 63, 2611, 2620, 584, 1963, 2745, 1918, 2112, 2945, 2557, 2243, 63, 590, 3952, 1111, 590, 63, 2611, 2620, 4180, 881, 1960, 1963, 1682, 2745, 2112, 64, 2947, 60, 593, 3952, 406, 1958, 1960, 3134, 2513, 2745, 2557, 2243, 2620, 63, 2843, 3952, 2843, 63, 2243, 584, 583, 2557, 1963, 1111, 1113, 1114, 2949, 60, 2611, 583, 2620, 3257, 63, 2620, 3744, 3952, 3952, 60, 63, 64, 2611, 590, 3744, 593, 3952, 60, 2620, 584, 2557, 1114, 3952, 3404, 3404, 1036, 2557, 2620, 63, 590]"
53,"[61, 61, 2606, 2606, 4689, 324, 226, 4689, 2451, 1215, 4648, 4689, 4724, 4689, 4724, 4689, 2606, 2827, 4689, 3921, 4076, 4689, 4689, 1592, 76, 61, 2820, 4689, 2606, 4689, 4724, 4689, 4724, 2606, 61, 1010, 4724, 2606, 2606, 4689, 4648, 23, 3727, 2237, 4689, 4724, 2606, 2827, 2225, 4689, 406, 2606, 2225, 324, 2606, 2606, 2827, 2606, 2606, 2827, 4724, 4174]"
54,"[62, 1109, 1293, 1109, 328, 324, 324, 649, 1293, 2940, 1109, 3199, 3210, 324, 649, 1649, 312, 2105, 2176, 1109, 2176, 649, 4398, 2381, 4398, 2176, 2381, 82, 4398, 1109, 289, 289, 349, 2176, 1293, 36, 1346, 2176, 82, 82, 396, 2381, 289, 1577, 1109, 3554, 289, 62, 2234, 4398]"
55,"[65, 469, 1012, 65, 207, 1771, 65, 2513, 334, 65, 151, 1035, 65, 2549, 2861, 102, 1505, 65, 151, 745, 65, 3655, 3296, 3679, 65, 65, 3296, 3132, 151, 152, 3808, 65, 23, 4242, 1925, 1505, 1505, 334, 4488, 3692, 2861, 3276, 996, 3808, 207, 1075, 207, 3413, 3345, 65, 249, 3655, 3655, 996, 65, 3655, 3354, 151, 2926, 996, 493, 3655, 3655, 2452, 4507, 3655, 65, 3655, 3655, 996, 65, 3655, 3655, 4818, 4818, 534, 4542, 996, 207, 131, 4818, 3655, 3655, 337, 3655, 3655, 1198, 65, 3655, 4818, 2452, 3655, 1313, 65, 207, 4818, 3655, 1313, 3655, 1505, 4818, 3655, 3655, 4818, 996, 4818, 996, 207, 4818, 207, 3655, 65, 3655, 207, 3655, 102, 406, 3655, 3246, 3655, 3321, 4818, 4818, 131, 3655, 4818, 3655, 1281, 4818, 3655, 4818]"
56,"[66, 101, 857, 1153, 1161, 1202, 1153, 857, 1650, 1887, 1888, 2245, 1788, 436, 1153, 1788, 857, 1668, 1385, 857, 978, 2463, 1888, 375, 857, 1161, 763, 1385, 1153, 1202, 1161, 857, 763, 3371, 1385, 2245, 1888, 1888, 2245, 1650, 102, 102, 857, 1981, 3981, 763, 857, 1153, 4006, 2463, 1650, 763, 1981, 1385, 1887, 1888, 1332, 4006, 2463, 1888, 1385, 1981, 1981, 857, 1888, 1887, 1112, 1202, 2115, 2463, 1887, 1888, 978, 2463, 1788, 1788, 1385, 1650, 807, 210, 1650, 1332, 1888, 1788, 978, 2463, 23, 1788, 23, 2463, 1155, 210, 210, 1627, 4530, 82, 644, 2742, 2878, 1385, 763, 857, 1385, 1153, 763, 1153, 1104, 1153, 857, 1888, 857, 857, 1153, 763, 857, 1788, 1788, 763, 2245, 857, 763, 1385, 857, 210, 1385, 857, 2291, 857, 1385, 1385, 857, 378, 210, 1788, 857, 101, 1650, 1650, 1788, 1788, 1650, 1650, 1788, 1788, 1650, 1659, 436, 1650, 1650, 436, 1788, 1385, 807, 101, 1650, 61]"
57,"[67, 1238, 67, 1639, 1238, 67, 67, 2710, 67, 67, 1238, 67, 67, 3333, 3333, 1238, 67, 2710, 1238, 1238, 67, 3333, 67, 3333, 1238, 1238, 67, 1238, 3333, 3333, 1238, 1238, 67, 1238, 67, 1238, 3333, 3333, 67, 1238, 1238, 67, 1238, 67, 3333, 67, 3333, 2710, 3333, 67, 1238, 1238, 333, 1475, 67, 3333, 67, 67, 3333, 67, 67, 1238, 67, 3333, 1238, 2710, 1238, 67, 67, 1238, 3333, 67, 3333, 67, 3333, 1238, 67, 3333]"
58,"[69, 71, 512, 1034, 69, 71, 512, 369, 512, 1973, 69, 71, 512, 1034, 512, 69, 71, 512, 71, 1488, 512, 69, 71, 2017, 512, 2114, 2690, 2447, 2187, 71, 69, 71, 69, 71, 512, 69, 69, 71, 2874, 69, 71, 1034, 69, 71, 1034, 1034, 69, 71, 129, 4122, 369, 1034, 1034, 69, 512, 1034, 1034, 512, 69, 71, 2874, 4122, 69, 71, 69, 512, 71, 69, 71, 512, 1973, 2874, 1973, 812, 69, 71, 4122, 69, 71, 4122, 69, 71, 1973, 3451, 2784, 1973, 69, 71, 31, 4122, 1973, 226, 69, 71, 1973, 71, 69, 2688, 1973, 69, 71, 4122, 1973, 69, 71, 1973, 23, 1484, 1973, 2467, 1973, 4122, 177, 4122, 1973, 1973, 4122, 59, 71, 69, 4122, 4122]"
59,"[70, 646, 646, 70, 646, 70, 2680, 646, 1838, 70, 551, 3171, 2680, 646, 2680, 551, 70, 646, 70, 646, 3171, 70, 646, 646, 2680, 2680, 3171, 70, 646, 3171, 70, 3841, 2680, 646, 3171, 3171, 2720, 2680, 646, 2720, 2680, 70, 2680, 646, 2720, 70, 646, 2680, 646, 3171, 70, 646, 551, 2680, 4096, 646, 728, 551, 646, 4096, 646, 3171, 2680, 2680, 646, 2680, 3171, 2680, 1, 2851, 3207, 580, 460, 2234, 2939, 551, 2680, 4276, 2680, 646, 3171, 2680, 646, 70, 3171, 3171, 3064, 646, 70, 551, 2680, 3171, 3171, 2680, 2720, 646, 3902, 70, 646, 2720, 3171, 2680, 2720, 2720, 70, 2680, 70, 3064, 2227, 646, 2720, 70, 728, 2720, 3171, 2720, 2680, 70, 3171, 2680, 3841, 4096, 646, 2680, 70, 3171, 2680, 646, 2720, 70, 3171, 2680, 646, 4096, 646, 1015, 646, 646, 2680, 70, 70, 646, 1838, 3171, 70, 3171, 70, 2227, 4096, 646, 70, 4096, 646, 2680, 1743, 70, 70, 1838, 2680, 3841, 551, 646, 70, 3841, 646, 70, 3171, 3171, 1191, 4805, 3841, 3815, 3171, 2680, 4096, 646, 3171, 2680, 3171, 70, 646, 551, 4096, 2680, 70, 551, 2680, 728, 3064, 3171, 70, 2227, 70, 70, 3171, 2680, 646, 646, 1838, 3064, 4893, 5053, 1566, 2680, 1566, 1, 3448]"
60,"[72, 115, 72, 72, 1864, 1919, 72, 72, 3011, 72, 72, 3011, 72, 72, 3011, 72, 72, 3011, 1526, 72, 72, 3011, 1710, 72, 72, 3838, 3852, 3838, 72, 72, 257, 207, 3871, 72, 3011, 72, 72, 3011, 72, 72, 3011, 3011, 72, 72, 3011, 3011, 72, 3011, 72, 3011, 72, 3011, 2411, 72, 3011, 3011, 2411, 72, 72, 2411, 3011, 72, 2411, 2411, 72, 2411, 72, 72, 3011, 418, 72, 2568, 1935, 1475, 2411, 3011, 72, 72, 3838, 3852, 4312, 3011, 2411, 72, 72, 2411, 72, 72, 2411, 72, 176, 72, 2411, 72, 2411, 2004, 4292, 3838, 3011, 72, 2411, 72, 115, 2411, 72, 4446, 2411, 2411, 4464, 2411, 72, 238, 2411, 72, 3838, 238, 2411, 72, 72, 3838, 3838, 72, 2411, 72, 2411, 72, 3838, 238, 4312, 4446, 3011, 2411, 72, 72, 2411, 3838, 238, 2411, 72, 72, 3011, 2411, 72, 3011, 72, 2411, 3011, 3838, 3838, 4292, 3011, 2411, 72, 1710, 3011, 2411, 72, 3011, 2411, 4589, 3011, 4464, 2411, 72, 72, 3838, 4292, 4446, 4292, 3838, 3011, 2411, 72, 2411, 72, 3011, 115, 4464, 3011, 2411, 72, 3838, 3838, 3011, 72, 3838, 3852, 4292, 72, 4292, 3838, 3011, 2411, 72, 1056, 3011, 2411, 72, 2411, 72, 72, 2411, 72, 72, 3011, 2411, 3838, 4292, 2411, 72, 3011, 3011, 4446, 4446, 3838, 4780, 72, 3011, 2411, 72, 3011, 2411, 3011, 72, 2411, 72, 3011, 2411, 3011, 2411, 72, 72, 2411, 3011, 2411, 72, 3838, 4780, 4292, 3011, 2411, 72, 3838, 4780, 3852, 4292, 4312, 2717, 3011, 2411, 72, 4281, 3011, 72, 3838, 4780, 4292, 3011, 2411, 72, 3011, 2411, 72, 72, 3011, 2411, 2411, 3011, 72, 72, 2411, 4446, 4446, 72, 4780, 3011, 3011, 2411, 72, 2411, 72, 3838, 4780, 3011, 2411, 72, 72, 3011, 2411, 72, 4464, 3011, 2411, 72, 3011, 72, 115, 72, 4446, 3011, 4292, 3852, 3852, 4292, 4780, 4292, 4312, 4446, 72, 2411, 3011, 3011, 2411, 72, 2411, 3011, 3011, 2411, 72, 72, 3011, 2411, 2411, 72, 2004, 4888, 3838, 4780, 3852, 4292, 4888, 3838, 2411, 72, 2411, 2411, 3838, 4888, 3852, 3011, 72, 3011, 4446, 2411, 72, 72, 4281, 4464, 4464, 2411, 3011, 2411, 72, 3011, 2411, 3011, 4464, 3011, 2411, 3011, 72, 72, 3838, 4780, 4780, 4292, 2411, 72, 72, 2411, 4464, 3011, 2411, 72, 2411, 72, 4312, 3011, 72, 2411, 72, 4464, 2411, 3011, 2411, 72, 4446, 2411, 72, 3011, 2411, 72, 4446, 3011, 72, 2411, 72, 72, 2411, 3011, 72, 2004, 4888, 3852, 3011, 2411, 3011, 2411, 72, 3011, 3011, 72, 2411, 3011, 4888, 3838, 4780, 4292, 155, 2411, 72, 3011, 4888, 4780, 4888, 2411, 72, 3011, 2411, 72, 4446, 995, 4446, 72, 72, 3011, 2411, 3011, 72, 3011, 2411, 72, 3011, 2411, 72, 3011, 2411, 3011, 2411, 72, 2411, 3011, 3011, 2411, 3011, 3011, 72, 72, 2411, 5079]"
61,"[73, 161, 160, 73, 161, 160, 594, 73, 1305, 73, 160, 594, 160, 73, 161, 594, 1305, 73, 160, 161, 73, 160, 161, 1305, 160, 73, 161, 73, 160, 161, 594, 160, 73, 161, 160, 594, 1305, 73, 160, 73, 160, 161, 594, 160, 73, 594, 161, 73, 160, 73, 160, 161, 594, 160, 73, 73, 160, 594, 161, 160, 73, 160, 1113, 1305, 73, 73, 160, 594, 73, 161, 2751, 1018, 73, 160, 594, 160, 73, 1305, 73, 73, 594, 160, 161, 73, 160, 73, 160, 161, 594, 73, 160, 73, 161, 73, 160, 161, 594, 73, 73, 160, 161, 594, 73, 160, 161, 73, 160, 594, 161, 1305, 73, 160, 73, 160, 594, 160, 73, 161, 1305, 73, 73, 160, 594, 161, 160, 594, 161, 3052, 73, 1305, 160, 161, 73, 73, 160, 594, 73, 160, 160, 594, 160, 73, 160, 1305, 161, 594, 73, 160, 594, 1305, 1305, 3052, 73, 160, 594, 160, 160, 594, 2751, 3049, 73, 1305, 1305, 160, 594, 73, 594, 161, 73, 160, 73, 160, 160, 73, 160, 160, 594, 160, 73, 160, 1305, 160, 1305, 73, 160, 594]"
62,"[74, 145, 363, 421, 563, 74, 145, 363, 74, 321, 563, 83, 1622, 1622, 169, 129, 563, 563, 421, 1912, 2117, 563, 145, 563, 2117, 2315, 321, 410, 74, 1912, 563, 145, 2117, 74, 563, 421, 324, 23, 3212, 2815, 2117, 563, 2644, 563, 333, 74, 74, 145, 333, 74, 74, 2315, 2315, 563, 3212, 2858, 2117, 74, 563, 2390, 324, 563, 2452, 493, 563, 421, 563, 2117, 74, 3935, 3949, 2117, 74, 74, 2315, 563, 2117, 74, 333, 2315, 456, 421, 2315, 421, 1602, 1464, 1611, 2644, 76, 324, 74, 2117, 74, 563, 2117, 563, 563, 2117, 74, 74, 421, 563, 129, 421, 1912, 324, 333, 410, 74, 74, 1759, 74, 145, 145, 410, 333, 333, 410, 1453, 74, 421, 2315, 129, 74, 145, 74, 2315, 175, 421, 563, 1389, 324, 421, 563, 2795, 169, 74, 74, 145, 74, 563, 74, 421, 563, 145, 2117, 2117, 74, 74, 421, 74, 1602, 169]"
63,"[75, 31, 75, 75, 31, 75, 31, 31, 75, 75, 31, 31, 352, 254, 1872, 36, 254, 254, 31, 75, 75, 31, 2688, 254, 31, 31, 254, 75, 75, 254, 75, 1872, 254, 31, 75, 31, 75, 31, 75, 31, 31, 75, 328, 75, 31, 75, 2470, 254, 2470, 31, 31, 2614, 2940, 2729, 75, 31, 31, 2652, 1873, 75, 1872, 31, 31, 1638, 31, 31, 3494, 2828, 31, 31, 684, 2513, 40]"
64,"[77, 76, 134, 151, 152, 269, 1232, 76, 151, 152, 1232, 76, 151, 152, 76, 77, 151, 152, 152, 151, 76, 1528, 1342, 76, 77, 151, 152, 76, 151, 1342, 1232, 3240, 152, 1342, 1232, 134, 151, 152, 3428, 77, 151, 3499, 3428, 77, 151, 152, 249, 269, 152, 151, 1232, 151, 152, 3428, 3499, 1232, 684, 151, 152, 77, 76, 3499, 1232, 134, 151, 152, 1342, 1381, 1232, 3499, 3428, 151, 152, 152, 151, 3428, 3499, 3428, 3499, 3428, 76, 151, 152, 1232, 3499, 3428, 1342, 1232, 3428, 3499, 1342, 1232, 3428, 151, 152, 3428, 1232, 1342, 3428, 1967, 151, 152, 3499, 3428, 1342, 1232, 3428, 1342, 3428, 2381, 1576, 2031, 151, 152, 3499, 1342, 1232, 1342, 1232, 1232, 4442, 1232, 249, 443, 2031, 3331, 269, 3499, 1232, 1232, 76, 269, 1232, 1119, 152, 151, 1961, 4801, 2453, 76, 77, 269, 2031]"
65,"[78, 1446, 1620, 952, 1446, 3766, 1446, 1389, 82, 1446, 3683, 374, 1957, 1446, 3230, 1446, 3230, 2004, 1389, 226, 226, 257, 1255, 1715, 1446, 1535, 226, 1255, 3756]"
66,"[79, 79, 661, 668, 678, 695, 678, 668, 678, 695, 661, 668, 661, 79, 661, 1826, 661, 23, 79, 668, 661, 1826, 661, 79, 397, 79, 661, 2997, 867, 1030, 1826, 1826, 661, 661, 38, 661, 668, 678, 695, 695, 678, 79, 695, 678, 79, 661, 661, 79, 661, 668, 668, 79, 661, 79, 661, 668, 695, 661, 79, 661, 1826, 1826, 661, 79, 678, 79, 3486, 79, 661, 668, 668, 79, 661, 695, 668, 695, 678, 79, 1826, 1826, 79, 661, 668, 695, 661, 668, 695, 695, 79, 661, 668, 695, 661, 678, 3277, 79, 695, 79, 695, 79, 661, 668, 695, 1018, 79, 668, 695, 79, 661, 1826, 3403, 978, 463, 2997, 661, 4436, 79, 1935, 79, 661, 695, 678, 79, 79, 661, 79, 79, 661, 79, 668, 695, 678, 79, 1826, 3277, 3227, 1826, 661, 668, 695, 79, 661, 79, 661, 668, 661, 79, 661, 1714, 695, 678, 695, 695, 79, 695, 79, 695]"
67,"[80, 712, 712, 443, 712, 1886, 1042, 712, 712, 2809, 328, 2921, 712, 2809, 712, 1576, 712, 1886, 712, 1571, 35, 1077, 2067, 3639, 3516, 712, 2809, 712, 1886, 2809, 712, 3639, 443, 1042, 1886, 712, 712, 1077, 3639, 799, 2809, 712, 2809, 2961, 1638, 1886, 712, 328, 1886, 2688, 1886, 2809, 1886, 2809, 3528, 2809, 3528, 1886, 1638, 1886, 1886, 2809, 3528, 1576, 1886, 1886, 4179, 1886, 1792, 1775, 1638, 1886]"
68,"[81, 31, 48, 1652, 489, 3359, 324, 1170, 2169, 489, 3465, 4036, 2547, 950, 1528, 61, 526, 81, 950, 3341, 4795, 2501, 2876, 4795, 406]"
69,"[82, 282, 929, 929, 1938, 929, 282, 1938, 2910, 929, 1506, 1938, 929, 929, 282, 836, 282, 929, 3828, 929, 929, 1600, 3828, 297, 929, 929, 282, 929, 282, 4400, 929, 929, 4400, 929, 282, 2910, 2910, 1513, 282, 929, 929, 3828, 2364, 929, 929, 297, 297, 3828, 282, 282, 297, 4666, 282, 297, 3828, 3828, 82, 3828, 282, 2910, 929, 282, 297, 282, 282, 3828, 929, 282, 297, 282, 2910, 3828, 3828, 3784]"
70,"[83, 680, 83, 988, 988, 83, 1992, 2293, 2488, 83, 83, 226, 607, 83, 226, 83, 226, 226, 83, 607, 83, 257, 3659, 257, 226, 83, 607, 988, 607, 83, 226, 257, 3659, 3659, 325, 3659, 83, 1059, 988, 226, 3659, 3659, 988, 988, 226, 257, 3659, 988, 3659, 3659, 988, 607, 680, 257, 988, 607, 257, 3659, 257, 3659, 83, 257, 3659, 439, 3659, 988]"
71,"[84, 121, 129, 148, 169, 216, 216, 169, 2647, 169, 2647, 216, 2647, 3003, 169, 216, 216, 169, 2647, 169, 2647, 2647, 3003, 2647, 3003, 2647, 216, 216, 169, 3644, 129, 129, 3644, 3644, 169, 2647, 216, 169, 2647, 216, 169, 3003, 169, 2647, 2647, 3003, 169, 2647, 2647, 3003, 169, 2647, 216, 216, 2647, 3003, 169, 216, 2647, 3003, 169, 2647, 216, 216, 169, 2647, 216, 2647, 169, 1755, 129, 129, 3644, 169, 2647, 2647, 3003, 169, 2647, 216, 3901, 216, 216, 3003, 169, 2647, 216, 216, 2647, 3003, 169, 2647, 216, 2647, 3003, 169, 216, 216, 3003, 169]"
72,"[36, 130, 153, 1062, 1209, 1349, 1570, 1062, 2000, 1062, 2437, 3070, 1062, 3286, 20, 911, 1317, 153, 2816, 1062, 911, 1062, 1807, 1062, 911, 1062, 1062, 2932, 911, 1062, 1062, 3161, 911, 1062, 911, 1625, 1062, 1062, 1570, 1775, 3529, 1576, 1209, 1062, 1062, 3550, 1062, 1062, 82, 1062, 4788, 3972, 312, 1209, 994, 1062, 1533, 2652, 3120, 3290]"
73,"[85, 85, 1022, 1048, 1739, 1595, 1981, 85, 1048, 2719, 85, 2914, 1075, 3013, 85, 2719, 1332, 85, 3822, 1659, 2652, 2719, 85, 85, 375, 1918, 3012, 3013, 85, 2756, 2539, 4193, 2719, 2719, 4708, 2719, 4808, 2719, 2488, 2719, 4808, 3822, 1614, 85, 3306, 2719, 2719, 4808, 2553, 4134, 85, 4808, 4808, 1951, 85, 85, 1917, 85, 4808, 75, 1179, 197, 4808, 328, 4808]"
74,"[87, 1044, 87, 87, 1327, 1044, 2457, 87, 1327, 1035, 1716, 1327, 87, 2749, 1327, 87, 2277, 495, 1354, 1044, 1327, 87, 579, 87, 1044, 87, 4276, 87, 1044, 1044, 87, 3681, 87, 1327, 1327, 87, 324, 1044, 87, 229, 1018, 1044, 87, 2258, 1327, 87, 1327, 87, 3048, 1044, 1327, 321, 87, 2258, 1327, 87, 4893, 495, 87, 87]"
75,"[88, 88, 877, 220, 220, 2985, 88, 3045, 2449, 877, 88, 3045, 88, 877, 1714, 877, 88, 88, 1015, 1599, 3800, 877, 88, 61, 3658, 877, 2477, 877, 220, 151, 1196, 2449, 877, 88, 1520, 1112, 3097, 877, 877, 226, 226, 2052, 88, 3326, 494, 151, 1532, 4700, 877, 88, 2106, 3598, 877, 226, 226, 877, 226, 226, 3760, 151, 3861, 1532, 3397, 226, 226, 3890, 877, 4643, 226, 226, 1112, 1030, 151, 1104, 2449, 1196, 3390, 5048, 3045, 3246, 4926, 1670, 2669, 1532, 1532, 3045, 1807, 2176, 2669, 3045, 220, 1077]"
76,"[89, 219, 248, 263, 374, 380, 426, 299, 297, 89, 1061, 426, 1407, 426, 1255, 1255, 426, 1864, 263, 1255, 2144, 2235, 300, 155, 1715, 1255, 2350, 418, 89, 1061, 374, 2472, 2472, 1715, 426, 603, 2472, 2704, 2709, 1255, 2144, 263, 159, 89, 1061, 1715, 2472, 426, 263, 297, 89, 248, 2350, 263, 251, 2144, 1992, 1407, 2144, 1446, 426, 1407, 263, 1597, 299, 300, 297, 263, 118, 3505, 297, 89, 2350, 263, 2004, 2235, 2144, 297, 299, 1255, 1715, 426, 426, 374, 2472, 374, 2472, 263, 297, 89, 374, 1957, 263, 1407, 2558, 1407, 3882, 2144, 263, 297, 89, 1384, 1384, 1061, 1583, 159, 952, 1715, 426, 2472, 297, 1061, 2704, 263, 426, 2144, 263, 1255, 2350, 1957, 1407, 263, 1407, 418, 299, 297, 89, 3505, 155, 2144, 263, 1255, 299, 297, 89, 155, 1715, 176, 1183, 263, 263, 297, 89, 219, 2472, 2558, 263, 1407, 4276, 263, 426, 263, 300, 297, 263, 952, 297, 89, 299, 1061, 155, 1255, 4359, 297, 89, 299, 1061, 2472, 426, 4142, 263, 297, 89, 1407, 3075, 1407, 2568, 426, 2144, 263, 1255, 2235, 4359, 1715, 1255, 426, 2704, 263, 3898, 263, 263, 2472, 263, 2558, 1407, 297, 1384, 1061, 89, 1992, 297, 1061, 4589, 263, 299, 297, 89, 1446, 1666, 297, 297, 263, 2235, 426, 2004, 297, 263, 297, 3436, 1715, 297, 89, 426, 297, 89, 263, 976, 263, 1407, 1407, 263, 1407, 263, 1957, 4869, 1407, 4265, 4869, 380, 2472, 263, 4869, 263, 406, 2472, 4869, 4869, 263, 2558, 1407, 4869, 4869, 3898, 286, 1407, 1407, 4893, 4869, 4893, 4314, 4265, 4869, 286, 263, 263, 5053, 263, 4869, 4265, 596, 1407, 263, 286, 286, 1992, 4869, 2704, 1715]"
77,"[90, 90, 48, 2606, 2563, 2606, 90, 90, 2225, 2606, 2827, 90, 2827, 2606, 2225, 90, 2563, 48, 2606, 2827, 2225, 2606, 3239, 2225, 90, 3486, 1356, 2606, 2225, 2827, 90, 2606, 2827, 3239, 2225, 90, 1905, 38, 1356, 90, 2606, 2827, 3239, 90, 2606, 2827, 48, 48, 2606, 3354, 3424, 1905, 2563, 2563, 4241, 1356, 4241, 1356, 3354, 2162, 2657, 61, 2823, 2563, 2563, 1356, 1930, 416, 48, 48, 90, 1930, 416, 4106, 90, 1356, 2563, 38, 2857, 48, 1356, 2563, 2563, 406, 2968, 3081, 3081, 4248, 48, 908, 1930, 416, 292, 2123, 3314, 2606, 2417, 2417, 1030, 1238]"
78,"[91, 1333, 2176, 2234, 2323, 91, 2862, 2047, 2347, 2047, 3475, 267, 1333, 2234, 1030, 267, 1978, 1757, 2252, 3891, 62, 3322, 1333, 2234, 1333, 267, 1333, 2234, 2234, 1018, 267, 1771, 1154, 3048, 1671, 427, 1333, 2234, 4114, 1161, 4515, 1601, 267, 1333, 3475, 267, 1333, 1201, 1252, 2566, 1333, 2234, 3848, 2234, 1020, 1333, 2354, 1145, 1601, 245, 245, 3291, 1680, 1145, 3475, 3038, 1145, 2234, 2673, 2234, 1333, 2234, 1333, 2234, 3114, 1333, 3475, 2234, 515, 1680, 515, 1333, 2234, 3580, 1333, 2234, 4135, 2673, 2234, 1018, 4075, 1018, 1333, 2234, 1333, 2176, 2176, 2234, 4075, 1018, 1978, 1333, 3000, 1333, 3213, 1154, 1333, 1333, 1671, 62, 4151, 3038, 1333, 1333, 2234, 1990, 2176]"
79,"[92, 106, 114, 92, 106, 114, 92, 106, 114, 1823, 92, 114, 504, 92, 114, 1531, 114, 106, 92, 92, 3044, 1488, 1823, 106, 2209, 1654, 114, 114, 3597, 106, 92, 92, 3882, 114, 3597, 106, 92, 114, 419, 419, 92, 3044, 76, 92, 114, 2232, 92, 114, 106, 333, 3555, 1526, 106, 106, 92, 114, 92, 3597, 106, 114, 92, 92, 3044, 324, 114, 106, 92, 114, 106, 92, 106, 106, 92, 1697, 92, 106, 92, 3882, 3298, 61, 3986, 2660, 3574, 92, 114, 92, 114, 4236, 3044, 3597, 1570, 1576]"
80,"[93, 93, 1168, 1397, 93, 1440, 1627, 1440, 1370, 1429, 93, 2023, 1397, 1, 1440, 2590, 1397, 353, 62, 328, 1458, 2971, 1397, 2023, 93, 1440, 1397, 3660, 1030, 2676, 1458, 1530, 1397, 1397, 1590, 93, 1077, 2640, 93, 2023, 1440, 1397, 2547, 2840, 93, 1370, 1148, 93, 1397, 1440, 1627, 1627, 841, 1440, 1397, 93, 1451, 1349, 93, 93, 62, 1440, 93, 93, 1397, 1397, 1370, 93, 1440, 1458, 328, 93, 2971, 1397, 1397, 93, 2023, 1440, 1440, 31, 93, 1440, 93, 2971, 1440, 324, 93, 1397, 1632, 1397, 1440, 1440, 1397, 93, 93, 1203, 93, 841, 2590, 841, 1349, 1397, 93, 1440, 2471, 841, 93, 1397, 257, 2023, 1397, 3990, 1440]"
81,"[94, 295, 323, 1, 454, 455, 1550, 1564, 1566, 1, 323, 565, 1, 1566, 1564, 454, 455, 1550, 1564, 1566, 1, 94, 323, 1008, 323, 3605, 257, 257, 2004, 305, 324, 516, 324, 333, 2341, 305, 2341, 333, 324, 2293, 3585, 324, 2341, 2341, 333, 516, 305, 2341, 333, 1389, 324, 323, 516, 83, 357, 3585, 83, 516, 295, 323, 2608, 2608, 516, 83, 3585, 2608, 516, 83, 323, 2608, 516, 516, 324, 1389, 333, 3018, 454, 3018, 1564, 3382, 1566, 1, 1, 598, 295, 4451, 323, 4442, 323, 4451, 2153, 4098, 711, 3585, 4168, 257, 647, 333, 1389, 3585, 3585, 516, 83, 94, 323, 516, 83, 3585, 516, 607, 2055, 2608, 323, 1704, 323, 2608, 516, 516, 83, 3585, 2769, 2293, 1389, 333, 305, 607, 516, 83, 2054, 3585, 475, 516, 83, 2054, 598, 607, 323, 516, 83, 3585, 2293, 324, 1389, 333, 305, 305, 2341, 333, 1389, 324, 968, 4542, 4542, 323, 4451, 1, 1, 1566, 1564, 454, 3382, 1, 4451, 323, 323, 2608, 516, 2054, 83, 2293, 3585, 3585, 2769, 516, 2054, 83, 598, 2723, 607, 598, 752, 4451, 323, 323, 2608, 598, 2054, 83, 3585, 83, 2054, 598, 2723, 1403, 2608, 3018, 323, 323, 607, 598, 2054, 83, 3585, 323, 2608, 598, 83, 516, 2054, 2293, 2054, 516, 598, 2723, 607, 2608, 323, 324, 2241, 1389, 333, 2341, 305, 305, 2341, 333, 2241, 2723, 323, 1, 3585, 2224, 2054, 598, 83, 3585, 83, 2054, 607, 257, 2004, 454, 1566, 598, 4451, 607, 516, 83, 2293, 3585, 455, 1564, 3382, 1566, 1, 4451, 323, 598, 516, 2054, 83, 2293, 83, 607, 323, 4299, 323, 4451, 607, 598, 83, 2054, 83, 2054, 516, 598, 607, 1704, 4451, 598, 1566, 751, 751, 455, 1550, 323, 323, 94, 295, 323, 323, 4451, 1, 1566, 1564, 454, 454, 1, 4451, 323, 4451, 1566, 3018, 3382, 454, 3018, 1, 295, 323, 323, 4451, 4299, 323, 2227, 323, 598, 323, 2227, 323, 3382, 2004, 454, 1, 323, 3305, 607, 3720, 323, 2608, 598, 83, 83, 516, 598, 1451, 23, 4538, 31, 1018]"
82,"[95, 95, 1817, 1905, 2439, 2816, 2842, 352, 1682, 2489, 95, 1930, 95, 95, 1046, 1349, 3032, 1817, 4303, 1349, 95, 1905, 4242, 95, 4207, 3263, 2439, 2664, 3774, 3486, 2004, 3492, 3097, 416, 908, 3686, 3774]"
83,"[97, 150, 662, 1177, 1210, 662, 150, 150, 1210, 1748, 150, 97, 662, 1177, 1210, 1210, 2578, 662, 97, 150, 2717, 150, 662, 97, 150, 2960, 662, 97, 150, 1177, 1210, 97, 150, 1177, 1210, 1748, 2578, 150, 2960, 662, 97, 97, 150, 1210, 2578, 662, 97, 150, 2960, 662, 97, 150, 1210, 1748, 1210, 1177, 1210, 1210, 150, 662, 150, 2960, 662, 97, 1210, 2717, 97, 97, 150, 2960, 662, 2960, 662, 97, 150, 1177, 1210, 1748, 1210, 97, 150, 1210, 1748, 1210, 150, 97, 150, 1210, 2578, 662, 662, 97, 150, 1310, 97, 150, 150, 1210, 2578, 150, 2960, 662, 150, 2960, 662, 97, 1210, 1210, 2578, 662, 97, 1177, 1210, 2717, 150, 1210, 2578, 662, 97, 150, 1210, 1748, 1210, 97, 150, 1177, 1210, 1748, 1210, 2960, 662, 97, 150, 2960, 662, 97, 2578, 662, 97, 150, 2960, 662, 150, 1177, 150, 1177, 1210, 2578, 150, 662, 150, 662, 150, 2578, 662, 150, 1210, 1748, 1210, 1748, 1210, 97, 662]"
84,"[98, 174, 722, 725, 725, 733, 21, 1220, 324, 257, 82, 82, 1818, 1825, 98, 98, 1042, 189, 21, 1825, 174, 868, 834, 722, 98, 174, 2746, 2175, 324, 2269, 189, 21, 1825, 1825, 21, 1825, 1220, 3256, 1825, 733, 98, 722, 725, 733, 733, 725, 98, 98, 1220, 172, 1140, 31, 1249, 189, 21, 1825, 733, 98, 1825, 722, 725, 733, 1825, 722, 733, 725, 725, 733, 722, 174, 42, 4078, 439, 1825, 2612, 174, 722, 31, 1825, 98, 722, 733, 722, 725, 733, 21, 1825, 722, 733, 21, 83, 2723, 3629, 1744, 3381, 1825, 189, 3331, 98, 722, 733, 722, 733, 174, 1825, 722, 725, 733, 98, 1825, 733, 21, 21, 102, 324, 227, 793, 1237, 1825, 1825, 725, 733, 3528, 179, 715, 1825, 722, 725, 733, 1825, 733, 725, 733, 1825, 98, 192, 1018, 722, 733, 733, 98, 722, 725, 733, 1825, 722, 733, 1825, 260, 76, 722, 1220, 3921, 249, 2269, 189, 21, 1825, 4589, 1825, 1220, 733, 722, 733, 519, 4208, 98, 1220, 711, 3211, 2269, 1825, 1825, 722, 725, 1825, 722, 725, 733, 722, 725, 733, 739, 1825, 722, 733, 1825, 2660]"
85,"[99, 99, 1170, 99, 1313, 99, 867, 2688, 99, 99, 1313, 1170, 99, 1313, 1313, 257, 1170, 99, 1313, 1170, 1313, 1313, 257, 257, 99, 1313, 257, 99, 1313, 99, 4467, 2823, 3658, 2823, 99, 1313, 257, 1935, 1313, 257, 99, 1170, 1313, 99, 1313, 257, 1313, 99, 99, 1313, 99, 1313, 257, 99, 99, 1313, 2997, 1935, 99, 99, 1313, 1313, 4311, 1170, 99, 1170]"
86,"[100, 125, 100, 125, 863, 872, 125, 350, 1405, 1405, 1604, 350, 872, 872, 1835, 125, 2303, 872, 350, 1405, 1604, 125, 872, 1405, 1604, 872, 863, 872, 125, 125, 1604, 2892, 2470, 863, 872, 2934, 249, 872, 125, 3050, 872, 872, 1835, 3050, 2934, 1405, 1604, 350, 872, 665, 125, 125, 1405, 1405, 100, 3050, 863, 872, 863, 3050, 1018, 125, 3050, 863, 350, 1405, 3616, 872, 1835, 872, 100, 125, 863, 3050, 3430, 100, 872, 872, 2934, 125, 872, 1835, 872, 125, 100, 125, 872, 125, 66, 3616, 1405, 1405, 1604, 872, 125, 3050, 872, 249, 226, 100, 863, 125, 3050, 100, 1405, 1405, 1604, 350, 872, 2020, 872, 1835, 863, 872, 125, 3050, 125, 100, 3050, 1405, 1405, 1604, 2174, 872, 100, 125, 872, 125, 3050, 872, 489, 3616, 504, 125, 872, 3050, 1835, 872, 863, 3050, 125, 872, 2648, 1812, 1405, 1405, 1604, 2293, 4196, 872, 100, 863, 2174, 1604, 1405, 1405, 125, 872, 1835, 3050, 100, 872, 125, 872, 3616, 3050, 863, 872, 3616, 872, 1835, 125, 4276, 3050, 872, 3616, 872, 100, 863, 125, 1405, 1604, 3050, 863, 125, 872, 100, 3050, 125, 2934, 350, 1405, 1405, 4372, 2303, 100, 125, 125, 3616, 2934, 872, 1835, 125, 100, 100, 872, 100, 3050, 125, 100, 872, 1835, 2934, 1405, 1405, 2842, 285, 1143, 2828, 2174, 872, 1835, 863, 100, 872, 1405, 100, 863, 872, 3616, 3050, 872, 863, 1835, 328, 125, 872, 863, 2303, 3019, 3050, 100, 100, 2934, 1405, 1405, 2448, 1405, 863, 2303, 1835, 2303, 3616, 872, 125, 3616, 2303, 665, 4613]"
87,"[102, 720, 724, 724, 102, 2058, 102, 2058, 724, 720, 724, 102, 720, 724, 2819, 102, 2058, 724, 102, 720, 724, 102, 102, 720, 724, 3733, 102, 102, 720, 724, 102, 720, 724, 102, 720, 724, 102, 3550, 868, 3331, 102, 102, 720, 724, 2058, 724, 102, 2058, 724, 102, 2058, 724, 102, 2058, 724, 3733, 102, 724, 2819, 102, 102, 2058, 724, 102, 2058, 724, 102, 724, 102, 720, 724, 4531, 102, 720, 724, 102, 720, 102, 720, 724, 102, 720, 724, 102, 720, 724, 2058, 724, 2058, 724, 720, 724, 3733, 102, 720, 724, 102, 720, 724, 498, 720, 724, 720, 724, 102, 720, 724, 102, 720, 724, 720, 724, 102, 102, 720, 724, 720, 724, 102, 2058, 724, 102, 2058, 724, 102, 720, 724, 102, 720, 724, 102, 2058, 724, 2058, 724, 102, 720, 724, 2819, 324, 333, 720, 724, 102, 2058, 724, 102, 2058, 724, 102, 2058, 724, 2058, 2058, 724, 102, 720, 724, 102, 498, 2058, 724, 102, 102, 724, 102, 3733, 1018, 498, 720, 616, 102, 2819, 724, 102, 102, 720, 724, 2058, 724, 102, 724, 102, 2819, 720, 102, 102, 4893, 102, 724, 720, 724, 720, 724, 102, 3733, 102, 102, 724, 724]"
88,"[103, 104, 258, 104, 103, 258, 640, 641, 104, 258, 103, 1047, 1059, 1091, 1628, 1628, 640, 641, 2264, 2263, 2265, 640, 641, 640, 213, 213, 2263, 2264, 640, 641, 2264, 258, 104, 103, 104, 1047, 1059, 2720, 2723, 1047, 2724, 103, 104, 258, 640, 641, 640, 258, 2263, 641, 640, 641, 640, 640, 258, 1161, 2513, 3113, 1628, 1628, 2720, 1091, 640, 641, 258, 2724, 1047, 1059, 2055, 2720, 1091, 258, 598, 104, 103, 1997, 2724, 1047, 2055, 2720, 1091, 258, 2263, 2264, 640, 641, 3775, 1628, 1628, 598, 258, 640, 641, 2264, 2265, 2263, 258, 120, 1059, 2724, 641, 258, 104, 103, 1997, 2724, 1047, 1059, 2055, 2720, 2720, 1059, 1047, 2724, 103, 104, 258, 2264, 2264, 641, 640, 104, 640, 641, 258, 641, 640, 258, 598, 104, 1997, 1047, 1059, 2720, 1091, 598, 4098, 363, 3142, 1091, 1628, 1, 3064, 2263, 2264, 640, 641, 2263, 258, 640, 641, 640, 104, 258, 2263, 2264, 640, 641, 2265, 2263, 104, 258, 2724, 1047, 1059, 1091, 2720, 1628, 1091, 1628, 3775, 1628, 258, 2263, 640, 258, 2263, 641, 2724, 1047, 1059, 2055, 2720, 1091, 1059, 1047, 2724, 103, 1997, 258, 2263, 640, 2265, 641, 2264, 2263, 598, 258, 104, 170, 249, 83, 2720, 2053, 1628, 1628, 3775, 1628, 565, 2227, 641, 598, 104, 258, 2263, 2264, 258, 2263, 640, 641, 640, 2264, 258, 2724, 1047, 1059, 2720, 1091, 1059, 2724, 258, 104, 640, 258, 641, 640, 104, 598, 2263, 3775, 1628, 641, 2265, 2264, 258, 2263, 104, 1047, 1059, 607, 2055, 2053, 2720, 3775, 1628, 598, 3142, 3113, 1628, 1693, 1628, 1628, 1386, 1628, 641, 640, 2263, 258, 103, 104, 1997, 1015, 1631, 1997, 103, 104, 258, 2263, 2263, 104, 103, 2724, 1047, 1059, 2053, 1744, 617, 3629, 2724, 1047, 103, 104, 1997, 258, 640, 641, 1997, 2724, 2723, 2055, 2720, 1628, 565, 363, 207, 2742, 1170, 1170, 2997, 1935, 1628, 1628, 640, 641, 640, 641, 258, 598, 104, 103, 1997, 249, 1628, 3775]"
89,"[105, 1131, 2380, 2688, 105, 105, 1462, 105, 624, 1131, 1462, 105, 105, 3359, 105, 105, 1452, 105, 3359, 105, 105, 2314, 105, 105, 1462, 3359, 105, 1462, 105, 105, 4405, 105, 105, 2585, 105, 105, 1452, 105, 105]"
90,"[61, 232, 232, 61, 1107, 1107, 2227, 1416, 2423, 1107, 1386, 1107, 2653, 1107, 3028, 551, 1107, 1107, 38, 1475, 3028, 1107, 232, 2423, 2466, 1107, 232, 232, 2474, 1107, 232, 2653, 2653, 1107, 2653, 2490, 3935, 1416, 232, 1416, 2474, 38, 2474, 2390, 2227]"
91,"[107, 811, 107, 1190, 811, 1581, 107, 1605, 107, 811, 811, 2649, 3009, 107, 1190, 107, 3009, 811, 1605, 811, 1605, 107, 1581, 811, 811, 107, 811, 107, 811, 107, 811, 811, 3009, 811, 811, 1581, 107, 107, 4119, 3009, 2649, 1190, 2649, 4119, 811, 811, 107, 811, 3009, 107, 811, 1190, 1581, 2649, 811, 107, 3009, 811, 1190, 107, 1581, 3009, 811, 107, 3009, 811, 811, 2649, 1581, 3009, 811, 1190, 107, 811, 1190, 107, 811, 4119, 3009, 107, 811, 107, 811, 811, 1581, 2649, 107, 3009, 811, 4119, 1581, 811, 811, 1581, 1605, 811, 811, 1190, 811, 107, 811, 811, 2649, 3009, 2649, 107, 3009, 2649, 811, 2649, 107, 1190, 811, 811, 107, 811, 107, 107, 811, 811, 1190, 811, 811, 3009, 4119, 811, 811, 3009, 811, 811, 2649, 811, 811, 1605, 2649, 811, 811, 4119, 1190, 811, 811, 2649, 811, 107, 2649, 811, 107, 811, 107, 3009, 811, 811, 3009, 811, 2649, 811, 811, 2649, 811, 811, 3009, 811, 2649, 811, 811, 107, 2649, 4119, 811, 811]"
92,"[110, 110, 1030, 1749, 102, 110, 110, 2983, 95, 110, 357, 102, 2302, 110, 3620, 110, 322, 557, 110, 110, 3917, 110, 3917, 110, 465, 727, 2491, 2404, 110, 465, 110, 110, 3646, 2712, 110, 465, 110, 110, 102, 3917, 2983, 110, 110, 2983, 465, 110, 102, 3917, 2491, 110, 1381, 110, 3917, 2983, 110, 1387, 102, 110, 3216, 482, 2302, 110, 465, 3291, 110, 2491, 1925, 110, 3216, 482, 110, 482, 3216, 3917, 102, 23, 26, 1576, 2404, 110, 110, 2983, 110, 3216, 2983, 102, 2491, 465, 110, 110, 3216, 482, 699, 110, 3216, 2404, 2491, 110, 3321, 110, 110, 3216, 1925, 3216, 3917, 102, 110, 102, 2983, 3917, 110, 3216, 110, 3216, 2983, 4262, 110, 3216, 3151, 3917, 2983, 110, 3216, 2491, 110, 3216, 1925, 503, 3216, 3917, 110, 3620, 2492, 324, 110, 2822, 312, 110, 3216, 110, 727, 699, 110, 1918, 3216, 3620, 727, 3216, 110, 110, 1548, 110, 324, 649, 110, 312, 31, 110, 1548, 151, 611, 110, 3293, 2404, 2432, 110, 110, 3620, 110, 102, 110, 1736, 1812, 110, 3216, 3980, 110, 3620, 2302, 3620, 110, 1188, 110]"
93,"[111, 123, 140, 659, 686, 1207, 659, 686, 140, 659, 686, 1864, 1074, 686, 2110, 2180, 2188, 659, 686, 2479, 2503, 659, 597, 686, 140, 659, 686, 2180, 111, 123, 2479, 1207, 140, 2067, 169, 2257, 2975, 140, 357, 659, 686, 2110, 3342, 3354, 123, 659, 686, 3342, 2479, 659, 686, 2110, 2503, 1086, 140, 3342, 807, 140, 2479, 659, 2119, 1086, 686, 2180, 2503, 102, 3469, 140, 1207, 140, 1207, 659, 2188, 1074, 686, 3882, 2503, 3882, 2119, 213, 140, 659, 3882, 686, 2110, 463, 140, 659, 2119, 686, 3994, 686, 140, 659, 686, 1207, 659, 659, 686, 140, 686, 140, 102, 4436, 1207, 140, 102, 4469, 2479, 634, 1207, 1997, 2566, 2531, 686, 2119, 140, 659, 686, 2638, 1946, 1942, 3085, 140, 2479, 140, 2638, 2188, 123, 4589, 4469, 2180, 686, 365, 3476, 1744, 982, 140, 1207, 2479, 4627, 140, 686, 2119, 2188, 4627, 3570, 1818, 2067, 1074, 659, 140, 123, 140, 140, 4469, 140, 4627, 140, 2479, 659, 2119, 129, 2257, 140, 123, 4627, 4805, 226, 2051, 4627, 3943, 140, 4469, 3618, 2052, 140, 2723, 61, 3658, 1676, 2205, 3456, 3997, 2996, 4843, 4279, 2612, 3353, 2257, 1566, 140, 1946, 140, 659, 123, 1946, 140, 1946, 4627, 2479, 4541, 123, 1946, 123, 659, 4627, 140, 1946, 123, 1946, 659, 140, 4469, 123, 659, 140, 140, 4469, 140, 1504, 2973, 516, 1086, 384, 659, 452, 1668, 3139, 4148, 208, 129, 140, 123, 2055, 2723, 4115, 3433, 140, 4469, 140, 4354, 2048, 1685, 2153, 140, 1636, 140, 4469, 2188, 4031, 2293, 2488, 2319, 3899, 1161, 208, 4627, 140, 4469, 1018, 31, 384, 123, 4469, 140, 4469, 1842, 1842, 213, 659, 2479, 2479, 140, 2479, 140, 2479, 4893, 659, 5019, 4469, 2119, 1086, 249, 1608, 2479, 4893, 4469, 4893, 140, 140, 213, 2566, 516, 5019, 170, 1946, 123, 140, 4627, 1086, 5048, 4627, 321, 140, 4469]"
94,"[112, 112, 205, 629, 860, 939, 1385, 2260, 205, 112, 2521, 860, 939, 66, 29, 939, 112, 860, 112, 629, 205, 3234, 1313, 2656, 3320, 2489, 1119, 3356, 2656, 939, 112, 939, 112, 88, 1978, 1753, 3264, 939, 205, 3604, 66, 205, 3700, 205, 629, 3078, 2540, 3882, 205, 205, 860, 111, 629, 939, 112, 2234, 112, 111, 112, 939, 111, 629, 112, 1119, 111, 112, 112, 939, 629, 771, 3190, 112, 939, 205, 111, 939, 1207, 629, 205, 629, 939, 4259, 516, 2823, 629, 629, 860, 629, 205, 1207, 629, 939, 629, 939, 112, 205, 112, 939, 111, 629, 205, 1799, 3187, 3312, 3190, 111, 939, 112, 939, 111, 629, 111, 3882, 112, 309, 2764, 2764, 1213, 205, 4589, 112, 939, 629, 112, 939, 112, 629, 111, 3234, 939, 112, 2935, 112, 939, 112, 2210, 245, 629, 3455, 1917, 629, 439, 1415, 1627, 629, 112, 939, 111, 112, 629, 3455, 629, 939, 629, 629, 205, 309, 629, 629, 3761, 309, 112, 939, 629, 111]"
95,"[113, 832, 951, 1018, 113, 832, 1545, 1665, 1869, 2208, 538, 2208, 113, 113, 1545, 113, 113, 1869, 113, 1545, 832, 113, 1545, 832, 113, 1545, 113, 832, 113, 832, 113, 927, 1545, 113, 832, 113, 1545, 1545, 1018, 1545, 113, 1545, 113, 1018, 113, 1545, 832, 832, 113, 1545, 2208, 113, 832, 2208, 113, 113, 832, 1545, 113, 113, 832, 113, 1545, 3732, 1018, 2067, 113, 832, 113, 1018, 113, 1545, 832, 113, 832, 2208, 113, 113, 2208, 1018, 113, 1545, 1545, 475, 113, 1018, 2067, 1018, 1545, 2668, 2679, 1545, 1545, 2208, 1869, 113, 1545, 113, 1018, 1545, 1018, 1545, 832, 1018, 1320, 951, 832, 1545, 4458, 113, 1545, 1018, 2067, 113, 1545, 832, 2208, 1545, 832, 113, 1545, 113, 1545, 113, 951, 113, 2208, 113, 1545, 113, 832, 2208, 113]"
96,"[116, 349, 435, 810, 88, 994, 88, 2121, 253, 88, 116, 2326, 2352, 116, 116, 88, 2467, 116, 116, 88, 88, 116, 116, 102, 116, 116, 2900, 2121, 88, 3015, 116, 116, 3207, 116, 2121, 2900, 80, 3395, 116, 3233, 88, 3233, 2477, 116, 2121, 88, 116, 116, 810, 88, 116, 3395, 116, 116, 324, 2900, 2121, 102, 3015, 443, 116, 116, 324, 116, 80, 116, 88, 3925, 88, 116, 2467, 116, 2900, 2121, 116, 810, 88, 116, 3395, 435, 116, 116, 88, 435, 324, 324, 88, 116, 2121, 116, 116, 3395, 116, 102, 116, 2900, 116, 4233, 116, 810, 88, 116, 324, 3207, 3015, 1444, 3395, 2900, 2048, 116, 116, 3395, 2513, 116, 116, 2537, 324]"
97,"[117, 354, 354, 117, 354, 1691, 117, 2226, 2284, 354, 354, 117, 354, 117, 354, 354, 117, 354, 3489, 117, 354, 117, 1703, 354, 117, 3442, 354, 354, 117, 354, 3489, 117, 354, 117, 354, 82, 82, 1786, 356, 354, 354, 117, 383, 354, 354, 117, 383, 354, 354, 117, 2226, 493, 1736, 1736, 354, 3748, 3748, 117, 354, 4401, 1292, 354, 61, 82, 117, 2226, 3748, 354, 3489, 3442, 354, 1913, 324, 354, 354, 117, 1540, 354, 354, 4176, 1786, 4097, 354, 117, 117, 383, 354, 354, 117, 354, 354, 2226, 3361, 117, 354, 4264, 354, 474, 354, 354, 117, 383, 354, 117, 3340, 4688, 4264, 117, 383, 354, 354, 117, 354, 1536, 82, 354, 117, 354, 4356, 354, 117, 3462, 354, 117, 354, 117, 4356, 354, 354, 1018, 117, 354, 2226, 354, 117, 1032, 3714, 117, 354, 354, 117, 354, 82, 354, 117, 2226, 354, 383, 354, 354, 2444, 383, 1979, 312, 2525, 4264, 354, 117, 354, 117, 82, 354, 354, 812, 2833, 383, 354, 354, 2284, 2882, 2444, 5058, 391, 4988, 493, 3489, 4988, 4401, 1691, 354]"
98,"[118, 555, 581, 249, 1286, 118, 1286, 118, 581, 1715, 555, 581, 118, 581, 118, 581, 581, 118, 555, 581, 1922, 581, 2754, 581, 118, 439, 581, 1814, 581, 1286, 118, 1205, 581, 1286, 118, 581, 1715, 555, 581, 3229, 118, 581, 69, 2504, 118, 581, 2504, 581, 1585, 1814, 581, 118, 581, 581, 2754, 1286, 118, 555, 581, 3229, 118, 3229, 118, 581, 581, 3229, 118, 581, 581, 2754, 118, 581, 118, 581, 1814, 581, 118, 581, 581, 118, 555, 581, 2754, 581, 1551, 581, 1743, 793, 1814, 581, 118, 581, 4399, 581, 3229, 118, 581, 2192, 1715, 581, 118, 581, 3555, 581, 118, 581, 118, 581, 581, 439, 581, 333, 1018, 321, 581, 1286, 581, 581, 118, 581, 2374, 581, 581, 2754, 20, 581, 118, 581, 4404, 581, 1286, 118, 581, 118, 581, 581, 1715, 1415, 581, 118, 1715, 581, 2504, 581, 1286, 118, 581, 4404, 56, 581, 118, 581, 118, 555, 581, 221, 1286, 581, 581, 4749, 581, 581, 118, 555, 581, 1286, 1551, 581, 118, 4749, 1286, 581, 581, 118, 555, 2374, 2709, 1446, 581, 118, 581, 2754, 1286, 555, 581, 2754, 118, 581, 439, 3904, 581, 2754, 4749, 581, 581, 2754, 118, 581, 555, 581, 3756, 3756, 118, 3756, 1286, 118, 581, 4749, 1639, 581, 118, 581, 1814, 118, 581, 1957, 581, 1286, 118, 118, 581, 1286, 118, 581, 2374, 581, 118, 581, 1814, 3100, 3555, 118, 581, 581, 439, 581, 1286, 581, 2754, 581, 4364, 321, 20, 581, 118, 581, 118, 581, 118, 2504, 1286, 118, 581, 2504, 118, 118, 581, 581, 4749, 581, 581, 118, 3301, 581, 118, 2504, 581, 118, 581]"
99,"[119, 120, 119, 120, 2067, 2661, 2740, 119, 120, 120, 119, 960, 365, 2740, 2661, 120, 119, 119, 120, 2661, 119, 120, 2661, 2740, 1453, 2661, 3579, 1453, 3594, 119, 120, 120, 119, 2661, 2740, 2740, 365, 119, 119, 120, 2661, 120, 119, 2661, 1453, 3594, 2067, 365, 119, 120, 120, 119, 119, 120, 120, 119, 365, 2661, 120, 119, 2661, 2740, 3594, 2661, 120, 119, 960, 365, 2661, 2740, 120, 120, 119, 2661, 119, 120, 120, 119, 365, 2661, 2318, 120, 119, 120, 2661, 3594, 2740, 2661, 2740, 2661, 120, 119, 119, 120, 120, 119, 365, 2661, 2740, 2740, 120, 119, 2661, 2740, 2661, 2318, 120, 119, 253, 119, 120, 120, 119, 3594, 1453, 1453, 120, 119, 253, 960, 365, 2661, 2740, 1453, 3594, 2740, 2661, 119, 120, 253, 253, 120, 119, 2661, 2740, 2661, 365, 3594, 4560, 2661, 119, 120, 2269, 365, 120, 119, 120, 119, 253, 365, 2661, 2318, 253, 253, 120, 365, 119, 2661, 2740, 2661, 119, 120, 119, 2661, 2740, 4635, 2661, 120, 119, 365, 2661, 4635, 1521, 2740, 4635, 119, 120, 253, 119, 120, 365, 2661, 4635, 2740, 120, 253, 119, 365, 4635, 2740, 119, 120, 253, 119, 2661, 4635, 2740, 2661, 365, 253, 120, 365, 4635, 2661, 2740, 119, 253, 120, 119, 365, 2661, 4635, 810, 253, 120, 119, 365, 2661, 120, 253, 4635, 2661, 2740, 253, 120, 119, 365, 2661, 4635, 2740, 119, 365, 2740, 2067, 119, 120, 253, 120, 2661, 4635, 2740, 365, 119, 120, 119, 120, 2661, 2740, 4635, 2661, 365, 119, 253, 120, 119, 120, 253, 365, 2661, 4635, 2740, 1543, 365, 119, 253, 2661, 4635, 2740, 2661, 960, 810, 119, 120, 4635, 2740, 2661, 253, 120, 119, 120, 365, 253, 960, 120, 119, 2661, 4635, 119, 120, 365, 119, 119, 365, 365, 120, 119, 365, 120, 119, 365, 2067, 2661, 365, 2661, 365, 2661, 4635, 365, 119, 120, 119, 365, 2661, 4635, 2740, 4635, 2740, 2661, 365, 119, 120, 2740, 4635, 365, 120, 119, 120, 4613, 2015, 4635, 365, 119, 4635, 2661, 365, 119, 119, 120, 2661, 4635, 2740, 2661, 120, 119, 365, 4635, 2740, 3594, 2661, 120, 119, 2661, 4635, 365, 119, 120, 119, 365, 4635, 2661, 2661, 4635, 2740, 119, 120, 120, 119, 365, 1955, 2661, 2740, 4635, 2661, 2661, 3579, 4635, 3594, 40, 1543, 1453, 120, 119, 3579, 2661, 4635, 2740, 3594, 1453, 365, 365, 3579, 2661, 119, 120, 365, 3579, 2661, 2661, 4635, 365, 119, 4893, 120, 2661, 2740, 119, 120, 3579, 2661, 119, 365, 119, 120, 2661, 2535, 2740, 4635, 365, 120, 120, 119, 2661, 4635, 120, 2661, 3579, 4635, 1543, 40, 365, 119, 120, 2067, 1453, 3579, 2661, 120, 365, 365, 2661, 3579]"
100,"[122, 124, 126, 546, 547, 748, 750, 748, 750, 1562, 1697, 1699, 1708, 170, 249, 1707, 1707, 170, 1708, 547, 546, 1864, 1864, 2153, 2157, 546, 547, 546, 547, 546, 547, 748, 750, 546, 547, 748, 750, 3031, 2975, 1697, 1508, 823, 170, 867, 1030, 170, 706, 748, 750, 3379, 748, 750, 1562, 1562, 546, 547, 748, 750, 750, 748, 1562, 547, 546, 748, 750, 3700, 3700, 3762, 106, 823, 547, 1562, 546, 1697, 1699, 1708, 3871, 3871, 3882, 3882, 748, 750, 3934, 3031, 748, 750, 748, 750, 1697, 3031, 750, 748, 750, 124, 47, 3227, 3277, 748, 750, 750, 748, 47, 2465, 4238, 1562, 4276, 4276, 3031, 3227, 47, 3277, 1562, 3934, 1562, 4131, 4358, 1559, 2163, 1562, 3031, 4131, 823, 102, 106, 823, 565, 598, 2751, 565, 3827, 3298, 1699, 4436, 4436, 1708, 3934, 4131, 1562, 706, 4131, 124, 3573, 4131, 3934, 1562, 823, 2067, 1018, 2067, 823, 3031, 1699, 1708, 3882, 4381, 124, 106, 823, 4589, 3031, 4589, 4589, 823, 1708, 1042, 337, 3331, 823, 4131, 3934, 4236, 3031, 1562, 3436, 3436, 4131, 3934, 1562, 4131, 1562, 47, 3227, 3277, 823, 823, 3334, 2661, 2661, 706, 4131, 4131, 3934, 1562, 3576, 124, 3576, 1562, 4131, 1562, 3934, 1697, 4236, 3031, 706, 1562, 3934, 823, 352, 1381, 2448, 823, 1562, 1697, 4131, 3934, 4236, 1699, 1708, 823, 3334, 106, 3762, 504, 3436, 2958, 3934, 4236, 2163, 2807, 3031, 823, 3334, 102, 2176, 823, 3029, 2176, 3092, 3729, 4067, 3469, 823, 3227, 47, 3334, 504, 3334, 4541, 47, 124, 122, 3575, 3576, 3934, 4131, 3934, 4236, 4131, 3031, 124, 4131, 3934, 1697, 1708, 4131, 3934, 1697, 3031, 226, 257, 257, 2004, 4861, 5079, 3334, 823, 547, 546]"
101,"[127, 94, 637, 94, 637, 94, 94, 127, 637, 94, 637, 94, 94, 637, 94, 637, 94, 127, 127, 637, 127, 637, 94, 3738, 127, 637, 637, 3738, 3738, 94, 127, 637, 3738, 94, 127, 637, 3738, 3738, 637, 3738, 3738, 637, 127, 637, 2153, 2153, 127, 127, 637, 127, 1590, 127, 3522, 637, 127, 2242, 637, 127, 127, 637, 637, 127, 637, 127, 637, 127, 637, 127, 637, 127, 127, 2227, 127, 127, 3809, 637, 127, 637]"
102,"[128, 610, 610, 1362, 1419, 1567, 610, 1864, 610, 2329, 128, 1362, 1419, 2329, 1419, 2329, 2047, 2508, 867, 3190, 610, 2329, 610, 128, 1419, 2329, 3607, 610, 610, 2329, 610, 610, 128, 610, 610, 1419, 2329, 2508, 128, 610, 1362, 610, 610, 1419, 3226, 610, 610, 128, 2329, 1419, 610, 1419, 1961, 3092, 61, 406, 3502, 2329, 1419, 2329, 1419, 610, 128, 2329, 3904, 3714, 2329, 1419, 2508, 2329, 128, 128, 610, 610, 1487, 1419, 2856, 4022, 3502, 3168, 3168, 3502, 1806, 3502, 610]"
103,"[120, 102, 498, 249, 1632, 2298, 3483, 3483, 2115, 423, 3483, 2914, 3483, 249, 3483, 3483, 249, 3483, 3483, 102, 3800, 3483, 2671, 3483, 3292, 2513, 3209, 3483, 3483, 684, 2513, 102, 1445, 102, 1445, 102, 3483, 101, 3653, 2527, 3483, 2705, 3483, 3729, 3483, 120, 1750, 4659, 3483, 3240, 3836, 1041, 3240, 3078, 3483, 1982, 504, 3622, 3483, 1824, 3483, 3483, 3120, 4028, 3483, 3622, 3483, 2553, 2501, 1643, 3622, 3483, 406, 1504, 1464, 1466, 1464, 2298, 3622, 1918, 4140, 1750, 3240, 3041, 3290, 2298, 3483, 3074]"
104,"[131, 231, 230, 532, 533, 534, 938, 1133, 230, 532, 1133, 938, 1488, 1133, 938, 533, 938, 1462, 230, 231, 532, 938, 1381, 230, 532, 3188, 3213, 1077, 1133, 938, 229, 3361, 938, 1899, 1197, 938, 938, 532, 3188, 938, 3700, 337, 938, 1133, 3442, 533, 938, 230, 938, 532, 3997, 938, 533, 1900, 938, 84, 152, 3213, 532, 3188, 533, 532, 938, 1133, 2226, 533, 532, 938, 230, 938, 230, 231, 532, 249, 4305, 3188, 231, 938, 230, 532, 938, 230, 938, 2443, 3210, 4402, 1133, 938, 4305, 938, 230, 532, 3188, 231, 938, 533, 532, 938, 938, 84, 3213, 1603, 938, 231, 532, 230, 4116, 938, 1133, 1682, 4305, 128, 3892, 3188, 231, 938, 3188, 532, 533, 1240, 1133, 938, 4458, 938, 938, 532, 532, 533, 231, 1133, 938, 532, 533, 231, 1925, 1133, 2260, 2380, 4305, 938, 231, 1018, 128, 451, 69, 938, 532, 3188, 231, 532, 230, 532, 533, 938, 532, 3188, 2451, 532, 3188, 3188, 231, 532, 3188, 231, 938, 938, 532, 231, 3188, 3393, 1304, 938, 231, 1133, 4893, 1490, 938, 3892, 533, 3188, 938, 938, 3892, 532, 1133, 3188, 1771, 812, 1307, 3188, 532, 3188, 938, 1530, 1133, 3894, 938, 2105, 532, 533, 532, 1133, 5079, 938, 3892]"
105,"[132, 1175, 1501, 321, 1323, 2524, 2554, 1175, 2018, 132, 3098, 3326, 1599, 1501, 2554, 132, 1799, 1799, 1750, 3428, 2554, 189, 614, 132, 3700, 3771, 3793, 3145, 3853, 132, 1761, 2564, 473, 1075, 3853, 1761, 132, 189, 208, 3428, 132, 2554, 1501, 2273, 1501, 132, 132, 151, 152, 1996, 3428, 614, 1799, 1075, 1501, 3793, 1501, 4276, 3771, 1147, 2331, 1799, 132, 357, 614, 132, 132, 208, 2554, 132, 1501, 3853, 1761, 193, 132, 614, 132, 2554, 3554, 4377, 2554, 3793, 76, 3853, 3145, 151, 1799, 1501, 2554, 132, 1799, 1501, 132, 2554, 614, 3793, 4598, 1819, 442, 1501, 3436, 1501, 3853, 324, 3436, 2564, 473, 3793, 3771, 4318, 1323, 1932, 614, 1799, 3853, 3793, 249, 1799, 2652, 3436, 614, 3793, 3853, 1501, 473, 473, 1501, 1501, 1638, 193, 614, 2554, 3793, 1501, 2658, 614, 3853, 3771, 2554, 2554, 1501, 614, 3771, 2554, 357, 2554, 3853, 2564, 3793]"
106,"[135, 758, 135, 1460, 135, 135, 758, 135, 758, 135, 1018, 135, 758, 758, 135, 758, 758, 135, 758, 135, 758, 758, 135, 758, 135, 3329, 758, 135, 758, 135, 758, 758, 1018, 758, 758, 135, 758, 135, 135, 758, 3753, 758, 758, 135, 135, 707, 758, 135, 758, 135, 758, 758, 135, 758, 707, 3831, 758, 758, 3277, 3277, 758, 4830, 4830, 758, 4830, 758, 4830, 4830, 1576, 707, 758, 758, 4830, 758, 4830, 4830, 758, 4830, 758, 758, 4830, 4830, 3939]"
107,"[137, 429, 1088, 103, 179, 886, 886, 48, 886, 429, 3051, 1088, 103, 3051, 1088, 1088, 103, 1088, 61, 2660, 1088, 103, 3051, 249, 1501, 429, 2566, 1088, 103, 101, 2269, 429, 188, 1088, 1088, 103, 3051, 249, 4403, 2347, 429, 614, 2876, 429, 103, 1088, 104, 1088, 103, 3051, 2347, 170, 1252, 188, 103, 1088, 2347, 429, 83, 83, 3051, 3051, 1105, 614, 80, 2347, 249, 2529, 3051, 249, 3051, 2293, 2047, 83, 3451, 3051, 1385]"
108,"[138, 163, 163, 3036, 3036, 163, 163, 2862, 3036, 3706, 3036, 163, 3036, 3706, 3036, 163, 163, 3036, 3706, 163, 163, 3706, 3036, 2242, 163, 3706, 163, 3036, 3706, 163, 3706, 3036, 163, 3706, 163, 3706, 2242, 3036, 3706, 3036, 163, 3706, 163, 3706, 3036, 3706, 163, 1010, 3706, 3706, 3036, 3036, 163, 3706, 163, 3036, 3706, 3036, 3706, 163, 163, 3706, 3036, 3036, 1937, 163, 3706, 163, 163, 3706, 163, 3706, 3036, 163, 3036, 3036, 163, 163, 3036, 163, 3699, 163, 3706, 163, 3706, 163, 163, 3706, 3036, 163, 3036, 163, 163, 3036, 3036, 163, 163, 3036, 3036, 163, 4507, 2430, 163, 3036, 163, 3036, 163, 163, 3734]"
109,"[139, 194, 197, 607, 608, 139, 1470, 1252, 1586, 1588, 1775, 1864, 1083, 1083, 1470, 139, 1775, 1586, 1588, 139, 1083, 1030, 867, 1470, 139, 1252, 1775, 1586, 1588, 1470, 139, 1775, 1586, 1588, 2933, 1083, 608, 607, 634, 1588, 139, 1470, 1709, 3370, 1083, 1470, 139, 139, 1252, 1775, 1588, 1252, 1586, 1588, 3618, 2052, 1470, 139, 1252, 1775, 1586, 1588, 634, 3618, 2052, 1470, 3370, 1586, 3618, 607, 1252, 1588, 3618, 2052, 139, 1470, 3370, 1470, 1083, 139, 1252, 1775, 1588, 3618, 1470, 139, 1252, 1775, 1588, 1470, 139, 1586, 1588, 634, 3618, 1470, 139, 188, 1252, 1775, 1586, 1588, 1470, 139, 1586, 1775, 188, 578, 608, 608, 607, 1083, 1470, 139, 188, 1775, 1586, 1588, 3618, 1470, 1470, 1, 1470, 139, 1252, 188, 1586, 1775, 3618, 2052, 1470, 1470, 4326, 139, 1252, 1586, 1588, 1083, 4326, 139, 188, 1586, 1588, 634, 1470, 4326, 1775, 1586, 1588, 1470, 1775, 1586, 1588, 1252, 139, 1470, 1470, 1588, 634, 607, 2055, 1470, 4436, 3370, 4442, 1470, 188, 1252, 2437, 1586, 1588, 634, 3618, 2052, 578, 139, 1083, 1470, 1083, 4326, 139, 188, 1252, 1775, 1588, 634, 1470, 1083, 4326, 1252, 2531, 1588, 634, 3618, 139, 1775, 1586, 1588, 83, 3528, 139, 1775, 1588, 1586, 1470, 1470, 188, 1083, 4326, 139, 1252, 188, 1775, 1588, 1586, 1470, 1083, 139, 1775, 1586, 1588, 634, 3618, 2052, 677, 877, 578, 139, 1470, 1470, 608, 607, 1083, 1083, 1775, 1252, 2933, 139, 1470, 139, 617, 1470, 3370, 83, 139, 1470, 337, 2170, 1470, 1252, 634, 188, 4326, 188, 1775, 1586, 634, 1847, 139, 1775, 1586, 1588, 1470, 1252, 1586, 1588, 1588, 1470, 1556, 1981, 1470, 1470, 4326, 139, 1252, 188, 1252, 2531, 1775, 1586, 1083, 1470, 4326, 139, 188, 1586, 1470, 4326, 139, 188, 1252, 1588, 1586, 634, 139, 617, 1470, 1586, 1588, 4326, 1470, 139, 226, 257, 4801, 1470, 2844, 1470, 4326, 139, 617, 617, 1470, 617, 1744, 1470, 1570, 4326, 3815, 139, 1083, 2767, 634, 3370, 1470, 634, 1588, 1470, 1083, 2767, 2227, 1470, 1470, 3809, 1470, 1586, 1588, 139, 634, 1586, 139, 1470, 1083, 2767, 1586, 1588, 3775, 139, 3618, 634, 3811, 139, 1588, 139, 1586, 1588, 1470, 4979, 1588, 94, 2227, 3861, 4979, 3861, 677, 5053, 4979, 677, 4979, 3370, 3370, 4979]"
110,"[141, 962, 984, 206, 1020, 1025, 1025, 1132, 1652, 1830, 1010, 962, 2734, 2930, 2734, 1486, 2930, 1050, 984, 2930, 962, 2560, 962, 2930, 2734, 962, 2734, 2734, 2930, 962, 1486, 1652, 2930, 962, 1491, 394, 416, 1015, 36, 1830, 962, 2734, 1010, 1010, 61, 2930, 2930, 962, 984, 2930, 2734, 1830, 2930, 1099, 1099, 1491, 2819, 1132, 2149, 2734, 1491, 1830, 1652, 498, 1652, 1099, 1486, 984, 1580, 962, 2734, 4248, 1486, 2930, 1099, 1486, 984, 2930, 962, 962, 2930, 1830, 1486, 984, 1491, 3065, 984, 1486, 61, 1010, 1830, 2930, 2734, 984, 1830, 1873, 2819, 1486, 1486, 1830, 1010, 2930, 1486, 1830, 1486, 1486]"
111,"[142, 36, 835, 1189, 835, 835, 2478, 835, 835, 2875, 835, 835, 142, 835, 835, 4134, 3760, 1761, 835, 835, 2927, 142, 1112, 835, 835, 142, 3760, 835, 835, 337, 835, 835, 950, 1075, 835, 835, 3760, 3832, 835, 835, 1010, 835, 4183, 142, 835, 835, 4588, 324, 324, 835, 835, 1112, 1112, 835, 835, 2626, 835, 3832, 142, 835, 4166, 2564, 835, 835, 4463, 835, 835, 406, 835, 835]"
112,"[143, 1395, 1408, 143, 1408, 143, 143, 1395, 1408, 143, 143, 1408, 1408, 143, 1395, 1408, 143, 1408, 143, 1395, 143, 1408, 143, 1408, 143, 143, 1395, 1408, 143, 143, 1408, 1395, 1408, 143, 143, 2173, 143, 143, 1408, 143, 1395, 1408, 143, 143, 1408, 143, 143, 1408, 1408, 143, 143, 1408, 143, 1408, 143, 143, 1408, 2924, 143, 2924, 1408, 143, 143, 1408, 143, 1408, 143, 1395, 1408, 1408, 5018, 5018, 1408, 5018, 5018, 1395, 1408]"
113,"[144, 1106, 1195, 1713, 473, 2261, 2347, 144, 2804, 2923, 473, 1638, 1075, 3514, 1197, 473, 2923, 2512, 1195, 2876, 360, 3145, 3524, 1475, 2293, 1195, 1713, 406, 406, 144, 3514, 2804, 2914, 2876, 3512, 1195, 3601, 3368, 2914, 2876, 1614, 1195, 473, 2047, 2804, 2923, 1713, 2047, 1713, 3524, 3144, 1195, 473, 2804, 3524, 1148, 3857, 2804, 1713, 1195, 5048, 5049, 5048, 4402, 2512, 3601]"
114,"[146, 146, 1422, 1421, 1361, 574, 1546, 1421, 1422, 2018, 38, 2185, 2018, 2366, 2366, 1966, 1327, 2018, 3023, 2443, 3210, 2828, 146, 1421, 289, 2176, 3562, 3023, 385, 1422, 1421, 2018, 2018, 146, 146, 2230, 1361, 2018, 3727, 2018, 146, 2895, 1872, 3998, 146, 146, 3116, 3116, 146, 385, 1546, 2018, 2018, 1546, 4286, 391, 146, 146, 1801, 3727, 146, 2018, 2866, 3954, 385, 146, 1421, 1422, 146, 146, 4286, 1546, 146, 2018, 3409, 3562, 146, 146, 175, 1740, 2018, 2018, 1421, 1422, 146, 146, 3023, 146, 427, 3977, 385, 3023, 2018, 1546, 146, 2018, 2018, 146, 146, 1421, 2018, 2006, 2018, 1546, 146, 146, 2018, 2018, 4286, 146, 2018, 2018, 1546, 1421, 1421, 385, 3023, 3562, 385, 3023, 3023, 1421, 3562, 2018]"
115,"[147, 907, 931, 147, 907, 907, 2215, 907, 147, 907, 2498, 931, 147, 907, 907, 2994, 147, 907, 3105, 147, 2498, 931, 3278, 907, 907, 2994, 147, 907, 907, 147, 147, 907, 147, 2994, 147, 907, 907, 2498, 907, 907, 2215, 147, 3825, 147, 931, 907, 907, 176, 907, 907, 2498, 907, 147, 3825, 147, 147, 907, 147, 147, 3825, 907, 907, 147, 2994, 907, 907, 147, 3825, 147, 115, 907, 147, 147, 2498, 907, 907, 2994, 3825, 147, 1183, 147, 907, 907, 147, 907, 176, 907, 907, 147, 907, 907, 147, 907, 907, 147, 2994, 2498, 907, 907, 147, 147, 907, 2498, 907, 907, 3825, 907, 1120, 907, 147, 907, 147, 907, 907, 147, 907, 907, 147, 147, 907, 907, 147, 3825, 2994, 147, 2994, 1598, 1805, 931, 907, 907, 1120, 907, 907, 2215, 159, 1527, 907, 2498, 907, 907, 2498, 907, 907, 147, 907, 907, 147, 3825, 907, 907, 147, 907, 147, 3278, 907, 147, 2994, 907, 147, 3825, 147, 907, 2498, 907, 2498, 907, 907, 2215, 3825, 2994, 147, 3825, 147, 931, 907, 2498, 907, 907, 147, 907, 907, 147, 115, 907, 2498, 907, 931, 2498, 931, 907, 907, 2994, 147, 907, 907, 2498, 907, 907, 159, 907, 3838, 907, 907, 147, 2994, 147, 147, 931, 2498, 907, 2994, 147, 907, 2498, 907, 907, 147, 2994, 907, 2498, 907, 147, 2994, 2498, 907, 907, 931, 907, 2498, 159, 907, 147, 2498, 907, 147, 907, 147, 907, 907, 931, 2498, 907, 907, 2994, 147, 907, 907, 147, 931, 907, 907, 2215, 2498, 2498, 907, 2498, 907, 2717, 2717, 907, 907, 115, 907, 115, 2498, 907, 115, 907, 907, 147, 931]"
116,"[149, 470, 151, 2484, 149, 1571, 149, 2901, 2106, 3734, 1139, 4501, 61, 149, 149, 4260, 1816, 3424, 149, 2213, 4676, 1729, 3694, 149, 4676, 441, 1134, 149, 2443, 149, 3424, 149, 2105, 149, 4676, 1571, 149]"
117,"[154, 701, 752, 1194, 1606, 1801, 701, 701, 1194, 701, 154, 2991, 701, 701, 1194, 701, 357, 701, 3703, 2991, 1194, 701, 701, 3703, 3703, 701, 1194, 701, 701, 1194, 701, 752, 701, 3703, 701, 154, 1606, 701, 701, 1194, 154, 701, 1194, 701, 357, 701, 701, 2991, 701, 1194, 701, 701, 771, 701, 752, 701, 3703, 1194, 701, 1194, 1475, 701, 701, 1801, 1194, 701, 701, 2991, 701, 1521, 701, 701, 3703, 701, 1606, 1801, 701, 701, 1018, 2991, 701, 3703, 701, 3703, 701, 701, 1606, 701, 3300, 1194, 2991, 3703, 1194, 2991, 701, 624, 701, 3703, 154, 701, 1606, 701, 1606, 701, 701, 154, 701, 1194, 1606, 701, 1801, 701, 752, 3703, 701, 701, 752, 701, 752, 701, 1194, 3703, 2161, 701, 2161, 2997, 701, 3703, 2997, 2161, 701, 701, 3703, 2161, 2161, 752, 701, 3703, 2997, 2161, 701, 701, 752, 3703, 1801, 701, 154, 701, 701, 3785, 2585, 516, 129, 516, 701, 4872]"
118,"[156, 158, 185, 630, 731, 833, 1684, 630, 1935, 1170, 1933, 2313, 833, 2490, 630, 185, 185, 2490, 630, 630, 833, 185, 3119, 630, 630, 731, 833, 156, 185, 731, 3476, 156, 185, 2490, 833, 156, 185, 2490, 630, 731, 2490, 2313, 833, 156, 630, 630, 3871, 731, 833, 3918, 185, 731, 2490, 833, 156, 731, 833, 156, 630, 630, 3476, 731, 565, 1170, 1933, 630, 1684, 156, 185, 630, 3476, 833, 156, 4216, 416, 3681, 630, 731, 833, 4216, 156, 158, 2313, 630, 3028, 630, 731, 833, 2490, 731, 833, 3647, 1773, 3476, 2490, 630, 833, 156, 833, 156, 630, 3476, 158, 630, 1684, 3815, 630, 731, 833, 156, 3918, 630, 3476, 833, 731, 833, 156, 4216, 2490, 731, 3476, 156, 833, 185, 731, 833, 630, 3918, 630, 3476, 833, 156, 4216, 185, 2490, 3028, 1935, 1933, 630, 2653, 630, 156, 833, 3030, 2490, 630, 3476, 3030, 833, 630, 2490, 731, 3476, 630, 1684, 3811, 2313, 630, 3476, 731, 3476, 833, 156, 185, 2313, 731, 3476, 833, 156, 2490, 833, 3681, 2313, 630, 731, 3476, 833, 156, 185, 731, 3476, 833, 156, 2490, 630, 731, 833, 156, 630, 1812, 2490, 630, 630, 731, 2490, 833, 3918, 2490, 630, 156, 76, 1112, 151, 1161, 2490, 630, 731, 731, 3476, 731, 3476, 833, 3028, 731, 2313, 4801, 1386, 630, 630, 3028, 630, 1684, 630, 3028, 2490, 156, 185, 630, 731, 3476, 156, 833, 185, 630, 731, 833, 2490, 630, 630, 731, 156, 833, 3918, 185, 2490, 630, 3028, 731, 3476, 3918, 833, 4216, 156, 2490, 731, 3476, 156, 833, 185, 2490, 731, 833, 156, 2490, 630, 731, 3476, 833, 156, 2490, 2490, 630, 731, 3476, 731, 3476, 833, 156, 185, 731, 2490, 2313, 3476, 156, 156, 833, 4216, 185, 833, 156, 2490, 630, 1684, 630, 2490, 833, 731, 833, 2490, 2313, 2490, 731, 833, 156, 2490, 1030, 630, 731, 3476, 630, 833, 731, 3476, 833, 2490, 731, 731, 4216, 731, 833, 4216, 630, 833, 3729, 731, 156, 3647, 129, 129, 2678, 365, 3476, 2490, 3918, 156, 2205, 156, 2205, 185, 53, 2205, 156, 4499, 2205, 3918, 1438, 630, 833, 156, 158]"
119,"[162, 234, 162, 1029, 162, 1671, 1720, 162, 2682, 162, 162, 257, 162, 1627, 162, 162, 2549, 2230, 1018, 162, 162, 3887, 162, 61, 234, 1904, 2882, 4488, 1475, 1222, 1578, 4125, 162, 162, 1627, 162, 2481, 2481, 991, 2923, 162, 162, 3436, 162, 162, 3887, 3073, 858, 162, 3844, 1602, 2844, 162, 2043, 162, 2290, 2570, 406, 162, 102, 162, 102, 2380, 162, 3115, 858, 1737, 3887, 3973, 2570, 234, 61, 234, 1029, 4089, 162, 162, 3088, 3529, 4893, 162, 5048, 162, 195, 4488, 2010, 4266, 3973, 1671, 162]"
120,"[164, 1066, 164, 807, 1066, 164, 164, 1066, 164, 164, 1066, 164, 2927, 164, 320, 164, 4014, 1215, 3294, 2443, 2882, 164, 164, 3187, 2968, 2968, 164, 1066, 1215, 807, 164, 1066, 164, 4014, 164, 164, 2894, 164, 1066, 1790, 3123, 3130, 1066, 82, 644, 2049, 4097]"
121,"[166, 1468, 1575, 1575, 166, 1575, 1575, 3458, 166, 166, 1575, 3458, 166, 166, 3458, 166, 1575, 3458, 3458, 166, 3458, 166, 1575, 166, 3458, 1643, 166, 3458, 3458, 166, 3458, 3458, 166, 166, 3458, 551, 166, 166, 1575, 166, 166, 1575, 1575, 166, 1575, 166, 1575, 3458, 166, 1575, 166, 166, 3458, 166, 324]"
122,"[167, 881, 1343, 1371, 1371, 167, 167, 1924, 167, 213, 2173, 1924, 363, 167, 2668, 2266, 167, 1924, 167, 2972, 1252, 167, 213, 167, 3292, 3292, 167, 167, 881, 1924, 2173, 363, 167, 881, 180, 167, 167, 213, 881, 167, 167, 213, 881, 167, 167, 1924, 167, 881, 1924, 167, 167, 881, 213, 2173, 167, 2945, 881, 881, 167, 213, 881, 378, 1935, 2998, 167, 167, 213, 2173, 213, 167, 1107, 167, 167, 1924, 1693, 881, 2173, 167, 881, 2173, 213, 2945, 881, 213, 2173, 167, 213, 2173, 167, 167, 881, 1924, 881, 167, 2173, 167, 881, 881, 167, 167, 2708, 167, 167, 1924, 167, 167, 151, 881, 1924, 1924, 213, 881, 3811, 1924, 1, 406, 1924, 881, 881, 213, 881, 881]"
123,"[170, 189, 193, 768, 781, 170, 928, 1140, 768, 781, 768, 768, 172, 1932, 1724, 2064, 189, 170, 2090, 928, 1140, 2318, 189, 2064, 768, 768, 170, 2455, 2269, 189, 768, 2455, 2318, 2269, 189, 193, 2064, 768, 2064, 189, 170, 2090, 928, 1148, 172, 2919, 768, 2064, 189, 170, 928, 2919, 189, 768, 768, 170, 170, 516, 1644, 3236, 3236, 1644, 3283, 189, 781, 781, 768, 2064, 189, 170, 928, 928, 768, 2064, 189, 170, 2090, 928, 928, 170, 2318, 2455, 2318, 189, 2064, 768, 928, 2179, 2455, 189, 2064, 768, 781, 170, 2090, 928, 2179, 170, 1140, 2455, 2318, 1932, 2919, 189, 2064, 768, 781, 170, 928, 36, 928, 1932, 2064, 768, 768, 1932, 3886, 1202, 1932, 2919, 768, 768, 781, 170, 928, 2090, 2179, 2318, 189, 768, 768, 781, 170, 2090, 928, 2179, 1140, 2318, 193, 768, 781, 170, 2090, 928, 2455, 2269, 189, 2064, 768, 781, 170, 2090, 928, 768, 189, 47, 170, 2455, 1932, 4006, 189, 2064, 768, 781, 768, 781, 170, 2090, 928, 1140, 2318, 2064, 768, 781, 170, 928, 2090, 1631, 1932, 189, 2064, 768, 768, 781, 170, 928, 170, 1148, 170, 928, 1140, 2455, 768, 781, 170, 2090, 928, 1140, 2455, 2318, 189, 2064, 768, 781, 170, 2090, 226, 2455, 189, 928, 170, 1140, 2455, 189, 768, 768, 781, 170, 2179, 928, 1932, 2919, 768, 1576, 1571, 1631, 1707, 781, 768, 781, 3793, 189, 768, 768, 781, 170, 928, 1140, 2455, 3549, 781, 768, 781, 170, 4476, 2179, 928, 2090, 170, 2455, 2064, 768, 781, 2455, 189, 2064, 2455, 768, 781, 928, 3092, 781, 768, 768, 781, 928, 1140, 2455, 2269, 768, 781, 170, 2179, 928, 170, 2455, 2318, 2064, 768, 1859, 768, 1859, 768, 781, 170, 928, 2179, 4173, 1932, 2919, 768, 1859, 781, 4006, 781, 2919, 768, 1859, 768, 781, 170, 2179, 928, 170, 1140, 2455, 2318, 189, 768, 928, 2318, 2455, 768, 1859, 781, 170, 4639, 2043, 4519, 1638, 1717, 768, 768, 781, 1555, 1932, 768, 768, 170, 2318, 2064, 768, 1859, 781, 170, 4476, 4639, 781, 928, 928, 170, 2318, 2455, 2318, 189, 2064, 768, 781, 4639, 4173, 928, 4682, 2513, 1859, 4410, 170, 2876, 1555, 2919, 4639, 2455, 768, 781, 170, 928, 2318, 2455, 1873, 2455, 2318, 2064, 1859, 768, 781, 4639, 928, 1873, 768, 189, 781, 768, 781, 170, 4639, 928, 170, 768, 781, 170, 2179, 768, 4006, 781, 768, 781, 4639, 928, 1567, 1148, 768, 1678, 768, 781, 768, 781, 928, 4410, 4410, 768, 1859, 1576, 781, 4476, 928, 2318, 1859, 768, 781, 768, 4639, 928, 170, 2318, 2455, 1859, 170, 4639, 928, 2318, 768, 768, 781, 928, 4639, 768, 781, 3886, 768, 928, 1148, 768, 781, 4639, 928, 1148, 1148, 781, 768, 768, 170, 928, 928, 781, 2114, 2064, 768, 781, 170, 2090, 1932, 768, 781, 928, 1202, 1932, 768, 781, 928, 2455, 2318, 189, 781, 768, 768, 1859, 928, 3283, 2269, 768, 768, 757, 2064, 768, 768, 1859, 1148, 928, 189, 2064, 768, 768, 928, 781, 102, 1859, 768, 2919, 2064, 4910, 4410, 2269, 2064, 2064, 2919, 928, 2455, 189, 2064, 1932, 1555, 1859, 1859, 928, 768]"
124,"[76, 674, 3268, 674, 1570, 311, 2065, 1381, 3621, 311, 2984, 3621, 102, 674, 1429, 3139, 2453, 406, 406, 102, 1659, 2686, 4123, 134, 311, 674, 674, 1576, 2477, 363, 4291, 674, 674, 1068, 56, 2478, 2234, 2234, 950, 1203, 324, 1707, 1737, 3291, 674, 1104, 4757, 1576, 2234, 2895, 674, 3567, 1656, 1570, 4757, 4291, 674, 1664, 674, 1707, 1737, 4123, 3330, 26, 674, 3621, 3621, 4893, 971, 1931]"
125,"[171, 273, 274, 306, 307, 330, 478, 479, 480, 481, 1117, 1137, 479, 480, 1499, 1500, 481, 481, 478, 479, 1499, 481, 1864, 273, 274, 307, 481, 478, 479, 480, 2202, 306, 273, 307, 306, 478, 480, 2362, 479, 1864, 2363, 1475, 306, 307, 273, 306, 480, 1117, 481, 274, 306, 273, 1117, 2362, 480, 306, 307, 1499, 2363, 306, 2941, 2941, 478, 479, 480, 1500, 481, 1499, 480, 2362, 274, 306, 307, 478, 479, 480, 1499, 481, 2363, 2975, 273, 274, 306, 307, 2202, 306, 479, 480, 1117, 478, 479, 480, 2363, 307, 306, 273, 274, 478, 480, 479, 481, 480, 1499, 479, 481, 274, 306, 273, 479, 2362, 480, 1499, 481, 2363, 2362, 479, 480, 1499, 1500, 274, 306, 307, 478, 479, 480, 3684, 2363, 3700, 479, 1499, 480, 2362, 481, 2202, 2941, 478, 3871, 479, 2362, 2363, 3882, 274, 307, 306, 478, 479, 481, 480, 1499, 3684, 2363, 481, 1499, 3684, 1117, 480, 1499, 3684, 2363, 478, 480, 479, 481, 1117, 3684, 2202, 273, 307, 306, 4081, 480, 1500, 2363, 4105, 273, 274, 307, 306, 478, 479, 480, 1499, 481, 1500, 478, 306, 274, 273, 307, 306, 274, 273, 307, 480, 479, 478, 3684, 2202, 274, 307, 306, 479, 2362, 1117, 480, 3684, 481, 1499, 4105, 2363, 478, 479, 2362, 480, 1500, 481, 1499, 306, 307, 274, 2202, 3802, 48, 478, 480, 1117, 479, 4238, 4276, 1500, 481, 2999, 273, 307, 306, 274, 478, 479, 480, 1499, 481, 1500, 3684, 2363, 4105, 479, 478, 2362, 480, 1152, 207, 478, 479, 480, 1499, 481, 274, 273, 306, 307, 480, 3684, 1499, 481, 2363, 4105, 479, 480, 1500, 3684, 273, 306, 307, 1499, 481, 480, 3684, 1500, 274, 273, 307, 306, 479, 478, 2362, 480, 3684, 1499, 481, 2363, 4105, 3690, 2202, 307, 306, 2941, 480, 1499, 2362, 2363, 4105, 273, 274, 306, 307, 4442, 478, 1499, 480, 479, 2362, 481, 2363, 4105, 480, 1500, 273, 274, 306, 307, 478, 1499, 480, 479, 481, 1117, 4105, 2362, 479, 480, 1117, 1500, 1499, 3684, 2363, 4105, 330, 1137, 478, 480, 1499, 479, 3690, 479, 2362, 480, 481, 1499, 1117, 2363, 306, 273, 307, 478, 1499, 480, 481, 274, 273, 306, 307, 480, 3684, 2363, 4105, 2362, 306, 274, 273, 478, 479, 480, 1499, 481, 1500, 3684, 2363, 4105, 274, 306, 307, 478, 480, 2362, 479, 1500, 1499, 481, 1117, 2363, 4105, 479, 478, 1500, 480, 1499, 481, 3684, 4105, 274, 273, 307, 306, 478, 479, 480, 1117, 481, 1499, 2363, 4105, 4105, 4589, 274, 306, 273, 307, 478, 479, 2363, 480, 4105, 478, 480, 479, 307, 306, 480, 1499, 481, 1500, 1117, 2363, 4105, 273, 274, 306, 307, 478, 2362, 479, 480, 1137, 479, 2362, 478, 480, 1500, 1499, 481, 2363, 4105, 306, 2202, 479, 478, 480, 3684, 4105, 273, 306, 274, 2202, 479, 2362, 480, 1499, 2363, 3684, 4105, 273, 274, 306, 307, 2362, 480, 1500, 3684, 1117, 1499, 481, 273, 274, 306, 478, 479, 2362, 480, 1499, 481, 4081, 480, 2362, 478, 479, 1499, 481, 1117, 2363, 4105, 273, 306, 274, 2019, 4105, 480, 273, 274, 307, 1137, 1137, 480, 2363, 4105, 2363, 4105, 479, 273, 274, 306, 273, 274, 306, 307, 4079, 479, 1500, 2362, 480, 1499, 481, 3684, 2363, 4105, 478, 479, 2362, 480, 4105, 2363, 306, 274, 273, 2363, 4105, 4750, 4105, 273, 274, 307, 478, 479, 2362, 480, 3684, 1500, 1117, 4105, 478, 2362, 479, 2363, 480, 4105]"
126,"[172, 175, 578, 638, 636, 639, 639, 638, 639, 636, 1476, 639, 1492, 638, 636, 639, 636, 1492, 639, 638, 638, 639, 638, 639, 1492, 2200, 516, 335, 172, 139, 636, 639, 1476, 638, 1476, 639, 172, 335, 516, 636, 1492, 638, 2767, 172, 335, 175, 2244, 636, 639, 639, 2975, 1492, 2975, 639, 636, 636, 639, 638, 636, 335, 172, 639, 1476, 639, 638, 639, 1492, 639, 2767, 3092, 639, 639, 636, 1492, 639, 639, 636, 1476, 639, 516, 324, 516, 2244, 639, 639, 636, 639, 636, 639, 1476, 639, 636, 1476, 3840, 636, 636, 639, 3882, 3871, 3871, 636, 3882, 639, 3882, 638, 639, 636, 335, 2244, 636, 636, 1492, 639, 172, 335, 639, 172, 636, 1476, 335, 335, 636, 639, 639, 636, 639, 636, 639, 639, 3840, 335, 636, 3840, 639, 2767, 83, 636, 639, 1476, 639, 139, 172, 335, 3840, 636, 639, 3840, 4276, 335, 636, 639, 639, 3840, 639, 636, 639, 335, 639, 636, 3840, 639, 1476, 636, 639, 639, 3840, 636, 639, 638, 636, 639, 3840, 335, 636, 639, 639, 1476, 639, 3618, 636, 639, 3840, 639, 1476, 636, 639, 335, 3840, 639, 2244, 639, 3840, 639, 175, 3722, 639, 3840, 3618, 139, 3840, 639, 3840, 636, 639, 638, 3840, 4589, 4589, 172, 172, 1363, 1943, 3840, 639, 1943, 639, 3840, 638, 3840, 636, 1492, 1492, 638, 335, 172, 636, 639, 335, 617, 636, 335, 4409, 638]"
127,"[173, 1060, 1008, 213, 867, 1293, 1008, 1060, 173, 173, 3739, 1438, 1008, 1008, 173, 2077, 3739, 1060, 884, 3739, 1438, 173, 173, 1060, 1008, 3739, 173, 2077, 3476, 173, 1008, 2531, 3811, 1438, 4643, 253, 1438, 177, 1034, 2149, 1567, 3739, 1438, 38, 1219, 1438, 1438, 4643, 1438, 3739, 1438, 4314, 1438, 1438]"
128,"[176, 923, 1205, 2442, 2536, 1591, 1139, 2918, 1809, 2926, 3689, 1809, 177, 1711, 4028, 923, 923, 1536, 923, 2698, 923, 923, 2552, 923, 923, 3590, 177, 3367, 923, 923, 1761, 4114, 1752, 2044, 1614, 20, 923, 176, 1713, 923, 923, 1777, 3622, 1809, 923, 2044, 923, 2321, 923, 1724]"
129,"[178, 324, 178, 850, 850, 324, 850, 324, 178, 324, 178, 850, 2715, 178, 850, 61, 867, 178, 850, 178, 324, 178, 850, 178, 2984, 178, 850, 178, 178, 850, 1925, 178, 850, 178, 178, 850, 178, 178, 850, 178, 2381, 178, 850, 178, 850, 178, 2984, 178, 850, 178, 850, 178, 178, 850, 178, 4259, 178, 850, 178, 178, 850, 178, 178, 850, 178, 2716, 324, 178, 850, 178, 850, 178, 178, 850, 178, 178, 850, 850, 178, 850, 178, 850, 178, 850, 178, 850, 178, 850, 178, 850, 178, 324, 178, 850, 178, 178, 324, 178, 850, 1201, 178, 850, 178, 850, 1638, 178, 850, 178, 2984, 178, 850, 1307, 850, 178, 178, 850, 178, 850, 178, 850, 178, 850, 178, 850, 850, 178, 850, 178, 178, 850, 1293, 178, 850, 178, 850, 178, 178, 3978, 2714, 178, 178, 850, 178, 1293, 850, 178, 850, 178, 850, 850, 178, 850, 4102, 850, 178, 850, 178, 850, 1293, 178, 850, 178, 850, 178, 850, 850, 178, 850, 850, 324, 850, 178, 178, 275, 178, 850, 178, 850, 850]"
130,"[179, 38, 83, 2378, 2573, 2573, 2934, 3108, 1935, 2934, 1935, 406, 2573, 2573, 3612, 38, 3612, 3778, 2573, 2573, 1750, 1196, 2277, 38, 2185, 3612, 2185, 3612, 3879, 3778, 3778, 2603, 2185, 38, 3727, 2193, 2991, 1194, 38, 2185, 993, 2277, 2763, 3612, 38, 2185, 3612, 3612, 38, 2185, 1, 2277, 2573, 2573, 2277, 2573, 3778, 2277, 2185, 38, 2135, 2573, 3300, 2573, 2277, 3778, 2573, 3778, 598, 23, 4700, 2277, 3612, 3013, 2573, 2185, 38, 3612, 3778, 2573, 2277, 551, 908, 3879, 3612, 2185, 179, 2185, 1313, 3612, 2185, 2185, 2277, 2277, 3778, 3778, 3681, 2185, 4634, 2185, 38, 5048, 3778]"
131,"[61, 1046, 3058, 1900, 832, 897, 951, 2626, 70, 832, 3218, 951, 2626, 2293, 70, 2293, 70, 4206, 2848, 832, 36, 1712, 2293, 832, 3592, 1576, 2293, 951, 2284, 1873, 1791, 2935, 3224, 1707, 1607, 70, 549, 3778, 2603, 2227, 4801, 4809, 4809, 832, 2293, 4809, 1838, 378, 4809, 1, 4809, 4809, 2227, 1622, 4300, 4809, 2585, 4809, 4809, 1709, 516, 832, 4809, 832, 2293, 4809, 832, 2227, 1576, 2227, 3720, 2293, 832, 832, 1614, 832]"
132,"[151, 222, 310, 222, 406, 222, 2059, 102, 1104, 222, 1104, 222, 222, 2716, 2187, 23, 2249, 2059, 482, 23, 3083, 3111, 2674, 222, 23, 337, 312, 23, 222, 1191, 1925, 26, 2059, 23, 2059, 23, 2298, 222, 2059, 443, 23, 2059, 23, 222, 2726, 222, 1671, 1202, 222, 2059, 23, 151, 2368, 2839, 2059, 503, 3990, 2060, 406, 2059, 1104, 2521, 1750, 222, 3344, 23, 222, 4125, 222, 151, 2484, 2298, 222, 2059, 324, 1104, 151, 222, 2484, 2059, 1484, 23, 222, 84, 3027, 2059, 222, 4094, 3361, 222, 2477, 3264, 1202, 2059, 23, 222, 2059, 102, 23, 222, 2059, 23, 2059, 222, 1202, 2484, 2474, 23, 222, 1147, 1778, 1191, 337, 249, 2059, 222, 2059, 23, 402, 2059, 2673, 1680, 222, 3232, 370, 1671, 1191, 1378, 337, 442, 249, 222, 1332, 1075, 4125, 1022, 77, 3177, 908, 2059, 151, 222, 23, 2059, 222, 2059, 151, 2059, 222, 2059, 23, 2059, 2524, 4700, 1332, 1075, 406, 406, 222, 1627, 82, 1627, 378, 406, 406, 2059, 406, 2059, 1379, 102, 222, 2059, 93, 222, 82, 257, 151, 222, 3328, 2471, 2926, 222, 151, 2059, 23, 93, 222, 2059, 406, 406, 2059, 1202, 151, 2059, 1155, 222, 76, 2059, 23, 93, 222, 1104, 2059, 2059, 23, 2059, 23, 93, 2484, 102, 3657, 222, 23, 93, 222, 2471, 1170, 23, 93, 1981, 1112, 151, 1103, 84, 222, 2484, 76, 1589, 1596, 1104, 2059, 2059, 151, 93, 222, 337, 222, 2059, 1222, 3148, 2059, 2861, 151, 222, 4616, 2059, 2059, 406, 2059, 2286, 102, 2059, 947, 2059, 222, 222, 93, 4893, 102, 2059, 1920, 102, 222, 4237, 2484, 1012, 2839, 947, 2059, 151, 947, 93, 4237, 4814]"
133,"[181, 1746, 576, 23, 26, 3046, 3046, 76, 1693, 3147, 624, 2652, 2114, 1018, 1010, 1010, 2933, 2114, 2114, 1578, 4661, 4661, 1216, 4661, 4661, 576, 4661, 3580, 4661, 4661, 2227, 4661, 4661, 2493, 4661, 1921, 576, 1578, 3857, 1847, 3223]"
134,"[110, 110, 1154, 1329, 1329, 110, 1329, 2502, 2644, 1981, 2909, 2984, 1329, 2984, 1329, 3243, 3324, 3130, 3368, 1329, 2249, 1329, 2545, 3978, 4025, 4025, 1329, 2984, 23, 36, 491, 3978, 3978, 1329, 3978, 2502, 1018, 1198, 1329, 3978, 436, 110, 110, 2502, 2660, 61, 61, 4025, 1329, 2822, 110, 3862, 83, 771, 4025, 1329, 3978, 4025, 1329, 436, 1925, 1667, 18, 110, 3774, 4025, 257, 110, 1329, 2502, 488, 793, 110, 4025, 324, 1475, 2249, 1329, 1596, 213, 2502, 1329, 4025, 1596, 1981, 1329, 1329]"
135,"[182, 184, 361, 615, 753, 754, 784, 1237, 184, 321, 1904, 2256, 182, 361, 1237, 615, 184, 2755, 1237, 615, 184, 2755, 182, 184, 361, 184, 227, 2816, 184, 615, 2755, 3441, 784, 784, 184, 361, 754, 753, 784, 361, 754, 753, 784, 2755, 361, 1237, 361, 615, 2755, 615, 753, 754, 3441, 784, 2755, 184, 784, 4011, 361, 784, 784, 615, 1950, 615, 754, 753, 2755, 784, 753, 754, 784, 2755, 2256, 361, 3441, 784, 2755, 2755, 784, 184, 182, 753, 754, 784, 1058, 784, 2755, 2256, 2755, 784, 784, 2755, 238, 361, 4011, 184, 439, 2755, 784, 2755, 4011, 536, 2256, 361, 361, 3244, 784, 2755, 615, 784, 3441, 184, 3441, 2755, 2755, 182, 4011, 2755, 1475, 184, 2181, 361, 784, 2755, 784, 2755, 361, 784, 2755, 361, 784, 2256, 2755, 1018, 580, 2755, 4011, 1498, 1475, 2755, 2755, 793, 1237, 437, 784, 321, 2755, 361, 361, 3441, 361, 536, 361, 3439, 3441, 3441, 361, 2755, 753, 754, 2755, 4011, 361, 615, 184, 361, 361, 2755, 2755, 361, 361, 2755, 3441, 361, 2755, 753, 2755, 2755, 361, 753, 361, 2755, 754, 753, 184, 536, 2755, 2755, 361, 361, 2755, 3502, 184, 182, 361, 2755, 754, 753, 4011, 2755, 361, 182, 437, 754, 753, 361, 754, 753, 2755, 4011, 361, 361]"
136,"[183, 3096, 183, 183, 3096, 183, 1386, 183, 3096, 3096, 1851, 183, 183, 3096, 3096, 183, 3096, 183, 3096, 3096, 1522, 3096, 3096, 183, 3096, 3096, 1566, 3096, 3096, 2720, 3096, 3811, 183, 3096, 3096]"
137,"[186, 400, 839, 2340, 400, 2513, 839, 400, 1596, 1104, 1662, 186, 186, 839, 839, 186, 839, 1596, 400, 839, 839, 186, 839, 400, 839, 1596, 186, 400, 186, 186, 1667, 400, 839, 839, 186, 4801, 839, 839, 3338, 102, 839, 1202, 1104, 186, 400, 839, 186, 400, 839, 839, 4814, 1596, 1312, 1104, 2553, 1104, 1596, 2452, 186, 1659, 839, 320, 839, 839, 3246, 839, 839, 186, 1104, 1104, 1596, 2521, 3012, 839, 186, 400, 839, 400, 839, 2521, 839, 839, 1312, 1596, 400]"
138,"[187, 187, 3022, 187, 187, 889, 187, 187, 1361, 187, 187, 1892, 187, 187]"
139,"[188, 207, 208, 253, 365, 378, 384, 390, 405, 528, 528, 365, 799, 253, 817, 831, 910, 88, 1074, 1086, 1090, 528, 1275, 1864, 528, 528, 405, 2093, 2094, 1579, 2096, 2050, 2103, 2104, 188, 2174, 2175, 2175, 2198, 2199, 2199, 2209, 2210, 1074, 2306, 1086, 384, 1142, 2307, 1275, 528, 405, 1275, 1142, 528, 1904, 1965, 1142, 528, 405, 1579, 2093, 2104, 2277, 1579, 2093, 405, 1275, 1142, 463, 151, 1668, 1603, 1734, 528, 528, 1275, 1142, 390, 384, 1086, 378, 2119, 1215, 463, 1215, 1142, 2093, 1275, 528, 736, 803, 528, 405, 528, 3407, 1086, 3380, 3381, 3415, 3417, 3420, 2758, 3421, 3422, 1744, 1622, 617, 617, 1228, 1744, 1744, 3432, 3433, 3433, 528, 405, 2050, 2277, 2104, 463, 151, 804, 1787, 1142, 1086, 2306, 260, 831, 365, 799, 384, 390, 1142, 1275, 528, 1744, 1744, 1228, 528, 1275, 1142, 528, 405, 2093, 1579, 2094, 2277, 2096, 2103, 2103, 2050, 2277, 3713, 2104, 3712, 3723, 188, 1074, 3233, 208, 151, 463, 1086, 390, 384, 528, 528, 1275, 3871, 528, 1142, 1579, 2093, 2277, 2103, 2096, 3712, 2104, 3713, 3723, 2052, 3861, 2767, 2200, 1744, 1744, 617, 1228, 617, 617, 188, 194, 1086, 390, 1142, 390, 528, 384, 378, 2119, 194, 463, 102, 3467, 405, 528, 2093, 1579, 2094, 2103, 2050, 2277, 3712, 2104, 3723, 327, 2052, 2906, 3861, 2767, 1744, 617, 617, 3718, 405, 528, 2103, 2104, 3713, 3723, 3618, 4049, 3280, 677, 2052, 877, 1744, 617, 1228, 617, 405, 3718, 2758, 3433, 1744, 617, 1228, 1744, 617, 617, 3421, 617, 188, 194, 1142, 390, 384, 1275, 528, 210, 405, 528, 2094, 2096, 2103, 2050, 2277, 3718, 3381, 3380, 3415, 2758, 3422, 4115, 1744, 1744, 617, 4139, 2200, 83, 516, 194, 3467, 3354, 861, 528, 1275, 405, 2103, 2050, 2277, 3380, 3415, 3381, 3417, 3420, 3422, 3433, 1744, 617, 617, 3718, 3381, 2277, 2093, 2103, 405, 1275, 528, 528, 3723, 2104, 3713, 210, 1142, 210, 405, 528, 2277, 2050, 3712, 3713, 2052, 139, 1228, 1744, 4247, 617, 4139, 1744, 3723, 2104, 3713, 188, 1142, 170, 194, 405, 2050, 2277, 3718, 2758, 1744, 617, 617, 2200, 1228, 617, 2906, 188, 194, 210, 378, 2119, 384, 1275, 528, 1142, 390, 384, 185, 2277, 3417, 3415, 3420, 4115, 617, 1228, 617, 4300, 1228, 1228, 4247, 1744, 1228, 3381, 2277, 384, 210, 1215, 194, 194, 1086, 1090, 378, 210, 528, 384, 2119, 185, 40, 390, 384, 1275, 1275, 384, 390, 1142, 2307, 210, 2119, 378, 1086, 3421, 3433, 1744, 617, 617, 1744, 3421, 4115, 3422, 3433, 1086, 378, 2119, 210, 390, 1142, 528, 405, 2093, 2103, 2050, 2277, 3713, 3723, 3618, 2052, 1744, 617, 617, 4247, 617, 1228, 2526, 31, 31, 1142, 528, 2174, 528, 384, 390, 378, 2119, 194, 1086, 188, 2723, 1644, 3236, 2055, 3629, 1744, 3433, 365, 194, 1074, 528, 1142, 528, 384, 2119, 1086, 210, 3381, 3417, 4139, 617, 617, 3718, 2277, 2103, 1453, 185, 365, 1086, 2119, 384, 378, 390, 384, 528, 528, 405, 1142, 2119, 378, 384, 390, 1086, 2050, 185, 2277, 2104, 3712, 2104, 188, 457, 1445, 2119, 2306, 210, 1142, 528, 390, 1142, 210, 384, 2119, 1086, 2050, 185, 2096, 2103, 2277, 2104, 3712, 172, 365, 1632, 463, 457, 102, 1445, 457, 2187, 1592, 378, 1275, 528, 384, 390, 378, 210, 2277, 3712, 2104, 3713, 3723, 3618, 139, 1744, 617, 617, 1228, 1744, 617, 1744, 3381, 185, 2277, 1086, 528, 390, 1142, 210, 378, 2119, 1086, 185, 2050, 2103, 2277, 2104, 3712, 3713, 3618, 2052, 139, 1744, 1228, 617, 210, 390, 528, 2119, 1086, 384, 185, 2277, 2050, 3712, 2104, 3723, 139, 1744, 617, 3723, 188, 3723, 2306, 1086, 2119, 2307, 390, 210, 384, 2119, 194, 634, 1059, 2055, 795, 3629, 4300, 2307, 528, 384, 2119, 1086, 260, 2921, 172, 2921, 1042, 3921, 337, 2190, 1042, 170, 1086, 2119, 378, 384, 384, 390, 1086, 384, 390, 2306, 910, 1744, 1228, 1744, 617, 617, 2119, 1086, 1142, 528, 384, 390, 2119, 185, 2277, 2104, 3713, 3723, 2906, 2767, 1228, 617, 4247, 1744, 2277, 405, 528, 416, 4219, 1948, 993, 3915, 3467, 3354, 179, 528, 194, 1086, 3467, 172, 804, 528, 2307, 390, 528, 2119, 384, 1086, 2050, 2277, 185, 3713, 2104, 3723, 4049, 2052, 1744, 1228, 617, 617, 4300, 1744, 3433, 2758, 3417, 3381, 2277, 2050, 405, 528, 528, 1142, 390, 384, 378, 2119, 1086, 2277, 185, 3417, 2758, 3433, 1228, 1744, 1744, 617, 617, 3433, 3417, 2277, 3354, 3467, 4219, 185, 2050, 2277, 3723, 2104, 3618, 2052, 1228, 1744, 405, 528, 2050, 2277, 3381, 3417, 2758, 3433, 617, 1744, 617, 1228, 3433, 1228, 617, 4300, 617, 4139, 3433, 3467, 416, 457, 324, 357, 2381, 4648, 2205, 151, 152, 463, 3528, 170, 276, 38, 416, 993, 4219, 3467, 179, 3915, 457, 2187, 3397, 3528, 463, 188, 83, 516, 2055, 3629, 1744, 617, 617, 1228, 3627, 188, 2055, 3629, 1744, 1744, 617, 2758, 3417, 185, 1086, 227, 43, 2131, 2764, 2000, 3022, 2131, 43, 3627, 4196, 194, 188, 139, 4247, 617, 1228, 1744, 2200, 2767, 2052, 463, 194, 378, 390, 528, 528, 1142, 2307, 384, 1086, 2067, 260, 1018, 2067, 260, 1086, 2307, 528, 210, 2307, 1142, 390, 384, 2119, 194, 188, 83, 516, 3723, 188, 2906, 2767, 2200, 1744, 617, 617, 1228, 4139, 617, 4300, 617, 1086, 528, 390, 384, 528, 210, 390, 384, 2119, 1086, 185, 2050, 2277, 2104, 3712, 3713, 3713, 3723, 327, 1228, 1744, 617, 617, 3433, 2758, 3417, 2050, 210, 528, 384, 1086, 2119, 185, 2050, 188, 260, 1220, 516, 174, 1652, 3465, 260, 384, 528, 528, 210, 384, 390, 2119, 1086, 185, 2050, 2277, 3417, 2758, 3433, 1744, 1228, 617, 4139, 4247, 617, 139, 139, 188, 2187, 528, 390, 384, 2119, 378, 1215, 2306, 260, 151, 151, 405, 3809, 61, 405, 528, 528, 405, 2050, 2277, 3381, 3417, 2758, 3433, 1744, 1228, 4300, 4139, 617, 617, 2277, 2050, 528, 405, 2277, 3417, 3433, 1744, 2758, 617, 617, 4300, 1744, 188, 253, 1965, 528, 405, 210, 2050, 2277, 2104, 528, 405, 210, 2767, 2052, 2906, 2200, 3723, 188, 2566, 83, 194, 1142, 528, 528, 390, 1086, 2050, 185, 2758, 3417, 2758, 3417, 1744, 1228, 617, 617, 1228, 3629, 2055, 1059, 188, 194, 1086, 384, 390, 528, 210, 405, 528, 2093, 1579, 2050, 2277, 2104, 188, 3723, 83, 463, 152, 1215, 151, 151, 463, 194, 1074, 121, 185, 2277, 2050, 2758, 3417, 3433, 1744, 617, 617, 2277, 2050, 3723, 1744, 1228, 617, 1744, 617, 2277, 2119, 384, 528, 1086, 185, 2050, 2277, 3417, 3421, 3433, 4300, 617, 617, 83, 2572, 2187, 384, 528, 2050, 185, 3723, 2104, 1744, 1228, 4247, 405, 528, 210, 528, 405, 2277, 2050, 2758, 3433, 1744, 4247, 617, 1228, 617, 4300, 617, 1744, 3433, 2758, 2277, 2050, 528, 405, 405, 2050, 2277, 3433, 2758, 3417, 1744, 617, 617, 1228, 2277, 210, 210, 528, 384, 1086, 378, 2119, 1215, 151, 1528, 463, 194, 188, 83, 1252, 188, 2566, 2437, 188, 617, 617, 4300, 617, 2277, 2050, 185, 4300, 617, 4300, 617, 1744, 3433, 2277, 2050, 405, 528, 384, 210, 1215, 1086, 152, 1528, 151, 1075, 3233, 528, 405, 1744, 1228, 617, 188, 2437, 1744, 405, 1228, 4300, 528, 210, 194, 253, 188, 1228, 4247, 617, 4300, 617, 188, 1086, 528, 1228, 617, 4300, 188, 463, 457, 102, 1445, 1228, 4300, 4139, 4139, 617, 4247, 2566, 2437, 943, 528, 4648, 4563, 185, 2277, 1744, 1228, 4300, 528, 4019, 4563, 4648, 185, 2050, 3417, 2277, 3433, 1744, 617, 1228, 4300, 617, 4019, 528, 528, 4019, 943, 2758, 1744, 1228, 4139, 617, 2050, 213, 3783, 922, 2820, 528, 4019, 185, 2050, 2277, 3417, 2758, 617, 185, 1453, 213, 2945, 528, 4019, 185, 4368, 188, 528, 185, 3417, 2758, 4300, 1228, 185, 213, 528, 943, 528, 943, 83, 3629, 1744, 617, 4019, 1744, 1228, 4247, 4300, 528, 943, 213, 185, 2277, 2050, 1744, 1228, 4247, 4139, 4300, 617, 4019, 1744, 1228, 617, 4139, 528, 528, 227, 3528, 4247, 1228, 617, 1622, 185, 943, 4019, 1228, 4247, 4914, 4019, 2174, 2067, 4019, 528, 4019, 1744, 617, 4247, 528, 4019, 2277, 1744, 1744, 1228, 617, 1744, 260, 1215, 1744, 3528, 4019, 4914, 4914, 1744, 1228, 617, 617, 4019, 528, 4019, 1744, 1228, 1228, 617, 3629, 188, 516, 943, 2945, 528, 943, 194, 83, 534, 617, 4300, 1228, 83, 194, 943, 528, 4914, 4019, 2050, 83, 1744, 1228, 617, 4019, 528, 1744, 1228, 617, 4300, 528, 943, 617, 4139, 943, 172, 1632, 2945, 528, 943, 194, 83, 3629, 1744, 617, 1228, 4247, 528, 943, 172, 1215, 4019, 528, 528, 4019, 4914, 528, 2205, 3896, 528, 2945, 357, 227, 649, 2063, 2787, 2004, 4368, 528, 4424, 249, 4424, 249, 943, 528, 4019, 528, 4914, 528, 528, 273, 528, 943, 170, 4424, 442, 170, 4424, 170, 761, 170, 2945, 943, 528, 2174, 4055]"
140,"[190, 679, 690, 1144, 190, 1144, 190, 1144, 1144, 2618, 1144, 690, 1144, 190, 2535, 690, 1144, 1945, 1799, 190, 745, 690, 1144, 3627, 690, 3771, 3794, 1144, 2564, 1144, 690, 1144, 3627, 745, 690, 1144, 690, 2881, 1609, 3550, 1144, 383, 3752, 1144, 190, 745, 1144, 190, 690, 13, 1144, 745, 3627, 690, 690, 1144, 190, 745, 690, 1144, 190, 1144, 745, 3472, 690, 1144, 3175, 1144, 190, 1144, 3472, 1144, 2876, 473, 190, 4044, 190, 1144, 690, 745, 3472, 1144, 690, 190, 2881, 1317, 1144]"
141,"[191, 191, 2435, 191, 929, 2435, 191, 2435, 191, 191, 2435, 191, 191, 2435, 2435, 3773, 191, 2435, 191, 1016, 191, 191, 407, 2435, 2435, 407, 191, 191, 2435, 2435, 407, 407, 191, 191, 407, 191, 191, 4051, 191, 2435, 191, 191, 407, 191, 191, 407, 191, 191, 2435, 191, 407, 191, 191, 407, 929, 191, 191, 407, 191, 1446, 407, 1016, 2271, 2435, 191, 191, 407, 191, 191, 407, 407, 2435, 191, 407, 191, 191, 407, 191, 191, 407, 407, 191, 191, 407, 191, 191, 1992, 191, 191, 2435, 2435, 1016, 191, 407, 1283, 1022, 155, 155, 191, 407, 191, 155, 5024, 614, 3773, 155, 191, 5024, 155, 155, 191, 407, 5024, 5024, 407, 5024, 24, 155, 155, 191, 1957, 1016, 155, 191, 155, 191, 155, 191, 155, 5024, 155, 191, 5024, 191, 155, 155, 191, 155, 191, 155, 155]"
142,"[192, 514, 514, 1661, 192, 514, 192, 192, 514, 192, 192, 514, 514, 1018, 192, 192, 514, 514, 1661, 192, 192, 61, 514, 4005, 514, 192, 4071, 514, 4128, 514, 1661, 4174, 4005, 514, 514, 192, 192, 2405, 514, 514, 192, 1661, 192, 514, 192, 192, 2405, 3520, 192, 4005, 514, 192, 514, 4128, 514, 192, 192, 4174, 1661, 514, 192, 2405, 514, 514, 192, 4174, 192, 82, 406, 4405, 1661, 514, 3831, 1661, 2512, 192, 192, 4174, 4005, 192, 514, 192, 514, 192, 1638, 192, 4005, 514, 192, 3831, 4128, 1661, 192, 4005, 192, 514, 192, 4005, 192, 192, 2405, 4005, 4005, 514, 1901, 192, 192, 514, 192, 192, 514, 192, 192, 514, 1661, 192, 192, 514, 4005, 192, 514, 192, 2432, 514, 2405, 192, 192, 514, 1661, 1661, 192, 2477, 192, 2405, 3831, 3520, 192, 2657, 1901, 4402, 4174, 192, 192, 3831, 827, 192, 4005, 514, 192, 2405, 192, 3520, 2031, 192, 514, 514, 192, 192, 2405, 4005, 4128, 514, 192, 192, 442, 514, 514, 192, 4005, 192, 1012, 192, 192, 4174, 514]"
143,"[195, 399, 403, 457, 491, 654, 655, 657, 658, 942, 655, 195, 949, 1064, 195, 403, 1491, 1580, 1580, 1491, 1864, 1969, 1970, 399, 655, 2228, 195, 2246, 2247, 1130, 403, 491, 1969, 1970, 1969, 1970, 457, 655, 2428, 403, 399, 2454, 399, 195, 1970, 1970, 2050, 658, 942, 2629, 655, 1064, 403, 654, 2629, 2246, 403, 491, 1969, 655, 2629, 2826, 942, 195, 658, 942, 2885, 141, 491, 1969, 1970, 1969, 1970, 1970, 658, 657, 654, 942, 2228, 2247, 195, 1064, 949, 2454, 399, 2246, 2228, 3523, 654, 942, 195, 949, 1064, 399, 1970, 2826, 1130, 942, 2454, 3642, 2629, 2039, 2246, 3523, 2885, 2885, 942, 658, 2228, 3642, 658, 949, 2246, 2428, 2885, 3281, 2959, 1970, 1970, 1969, 1969, 491, 658, 655, 942, 2228, 2629, 2246, 942, 249, 658, 658, 2247, 2246, 3523, 655, 942, 658, 1064, 942, 949, 657, 2088, 403, 3642, 3523, 2826, 2885, 4167, 4169, 4170, 403, 2428, 657, 195, 2246, 1613, 949, 3523, 4184, 4187, 1970, 207, 4190, 207, 4170, 4187, 1869, 655, 195, 942, 655, 3642, 2826, 657, 4225, 4170, 1869, 2228, 655, 654, 3642, 2428, 2228, 658, 657, 403, 2629, 195, 3523, 2885, 2885, 4187, 4170, 207, 4276, 207, 4190, 4170, 4187, 4225, 2246, 2247, 654, 655, 3642, 2428, 942, 4184, 4333, 4170, 4338, 4190, 4333, 207, 4170, 4350, 207, 4333, 4170, 4190, 4187, 4170, 4184, 658, 2246, 2629, 655, 3523, 2428, 403, 399, 949, 3642, 2246, 2826, 2246, 2228, 1869, 4333, 4170, 4184, 1545, 1869, 3642, 655, 2228, 2428, 657, 942, 403, 403, 3523, 2885, 2885, 3016, 2114, 4170, 207, 4167, 4190, 4333, 1511, 1907, 4436, 207, 4170, 4190, 4170, 4187, 4350, 2035, 4169, 4170, 4333, 207, 4350, 2035, 2530, 4338, 2212, 4187, 207, 3180, 4350, 4338, 4167, 655, 3642, 657, 942, 658, 655, 195, 3523, 2228, 2428, 655, 2228, 654, 657, 658, 1064, 2246, 443, 4170, 4350, 4225, 195, 658, 2246, 195, 2629, 4338, 4169, 4187, 655, 3642, 3642, 658, 657, 403, 2039, 655, 3642, 2454, 942, 4338, 4170, 2021, 4187, 4333, 4170, 2682, 4233, 4338, 4350, 1869, 1545, 3642, 1064, 657, 1613, 403, 195, 655, 2228, 657, 2246, 3523, 655, 2454, 1064, 942, 2826, 195, 4225, 2454, 657, 1717, 3538, 4169, 4338, 4333, 4350, 2035, 4350, 715, 2535, 4338, 4184, 1869, 1545, 657, 3642, 2454, 2228, 657, 2428, 942, 4169, 4338, 4338, 4184, 1545, 657, 3642, 4184, 1869, 655, 657, 2228, 2428, 942, 2454, 4429, 654, 1064, 4333, 4167, 3642, 1064, 4350, 4350, 1064, 2247, 3642, 949, 4333, 4170, 4338, 4338, 4190, 4170, 4333, 4190, 4170, 4170, 1545, 1869, 4184, 2247, 2454, 657, 2039, 658, 403, 655, 1064, 4184, 1545, 403, 655, 399, 942, 654, 657, 657, 1064, 3642, 655, 657, 3642, 4167, 4338, 4169, 4167, 1545, 3642, 2247, 2039, 4170, 4169, 2530, 4184, 1869, 1545, 1545, 2530, 2039, 2247, 658, 4187, 4170, 1545, 4338, 4187, 4170, 4167, 2021, 4338, 4167, 658, 655, 2454, 2247, 657, 942, 4499, 3523, 403, 1545, 4170, 4190, 2021, 1545, 2247, 2247, 2629, 658, 1064, 4333, 4338, 4167, 4169, 1545, 2039, 2247, 1970, 655, 3642, 403, 2428, 942, 1064, 658, 1613, 1064, 403, 4338, 4184, 1545, 1869, 2454, 658, 2826, 4781, 2021, 4783, 4190, 4338, 4184, 4169, 4184, 1869, 403, 655, 2826, 1345, 3180, 655, 3642, 2428, 1545, 2021, 4783, 4338, 4167, 4781, 4801, 4338, 2021, 4781, 2021, 4184, 1545, 658, 403, 2826, 2428, 4783, 4781, 2021, 1545, 2836, 3180, 658, 2247, 2454, 942, 3642, 403, 947, 4783, 2021, 4338, 4167, 4225, 443, 1345, 3642, 1064, 657, 2428, 2629, 2428, 3024, 249, 1707, 1873, 2885, 3281, 3693, 4783, 4184, 1545, 2247, 2039, 2454, 658, 942, 2428, 403, 2228, 195, 399, 3523, 4781, 4190, 4338, 4170, 4184, 1545, 403, 1064, 2826, 658, 657, 2454, 2039, 2247, 655, 4184, 1869, 1545, 655, 2454, 403, 655, 657, 949, 4781, 2021, 3894, 826, 403, 2247, 658, 4, 2629, 2246, 2428, 399, 2826, 5032, 5034, 4781, 2021, 5032, 5035, 4314, 5035, 4781, 5032, 4893, 5039, 5034, 4314, 4314, 5034, 5039, 1545, 655, 658, 179, 399, 403, 658, 655, 2428, 403, 1064, 4338, 5035, 4781, 2454, 2246, 949, 4, 3642, 399, 1545, 399, 655, 403, 1613, 1313, 4169, 5032, 5035, 4781, 4167, 179, 1064, 2454, 655, 399, 3642, 403, 2039, 179, 1545, 655, 399, 2826, 5034, 4781, 3180, 2454, 403, 2428, 4167, 4338, 179, 1313, 2538, 4338, 4169, 5032, 5039, 4781, 4783, 5035, 5034, 4781, 5039, 4781, 5039, 5032, 5035, 1545, 3642, 2428, 3527, 1064, 658, 2454, 655, 5034, 5039, 4781, 5035, 5032, 5034, 2021, 5032, 4781, 5079]"
144,"[196, 227, 309, 437, 756, 309, 769, 196, 861, 935, 1122, 824, 227, 170, 756, 196, 824, 861, 756, 1666, 309, 769, 824, 861, 935, 196, 227, 309, 2276, 756, 935, 196, 227, 2276, 437, 756, 1122, 196, 227, 793, 2738, 756, 309, 769, 196, 861, 861, 1122, 196, 309, 2276, 437, 756, 756, 309, 769, 196, 861, 824, 227, 196, 309, 437, 3109, 756, 2975, 437, 3226, 3109, 756, 3168, 756, 437, 756, 309, 769, 196, 861, 935, 1122, 824, 3379, 756, 309, 769, 196, 861, 1122, 824, 3485, 196, 227, 309, 2276, 3513, 861, 935, 824, 309, 2276, 437, 756, 309, 769, 196, 861, 824, 196, 861, 227, 309, 2276, 437, 756, 756, 2276, 309, 309, 2276, 769, 309, 196, 861, 861, 824, 935, 1122, 196, 3700, 196, 260, 3761, 309, 3513, 756, 437, 756, 437, 3114, 3226, 3882, 756, 756, 309, 769, 196, 935, 824, 1122, 196, 227, 309, 2276, 756, 756, 309, 769, 196, 861, 935, 824, 196, 227, 793, 756, 309, 769, 196, 861, 824, 935, 227, 309, 756, 309, 769, 196, 861, 756, 309, 769, 196, 861, 824, 935, 196, 227, 3761, 3761, 309, 3513, 756, 756, 793, 3226, 756, 756, 309, 769, 196, 861, 935, 824, 861, 196, 309, 756, 309, 769, 196, 861, 935, 824, 861, 309, 3540, 3513, 756, 756, 437, 3114, 3226, 756, 756, 3226, 756, 861, 196, 227, 2276, 756, 756, 309, 769, 861, 196, 196, 769, 3513, 309, 3226, 1653, 3226, 756, 437, 756, 3761, 3761, 3540, 3513, 756, 309, 769, 196, 861, 935, 227, 309, 437, 3109, 309, 769, 196, 861, 196, 227, 793, 3226, 756, 309, 769, 196, 861, 824, 935, 196, 227, 2276, 437, 3109, 756, 756, 309, 769, 196, 824, 861, 227, 196, 309, 769, 196, 824, 1122, 196, 227, 3761, 2481, 4264, 3761, 309, 3513, 756, 309, 410, 1343, 410, 309, 3540, 756, 309, 196, 861, 935, 861, 227, 309, 756, 437, 756, 309, 769, 196, 824, 861, 935, 227, 309, 2276, 437, 756, 756, 309, 769, 861, 227, 309, 2276, 3513, 3226, 756, 756, 3226, 756, 309, 769, 196, 861, 935, 824, 935, 196, 227, 793, 3226, 756, 196, 935, 196, 227, 756, 309, 769, 196, 935, 861, 756, 3761, 309, 2276, 3540, 3513, 309, 769, 824, 227, 2276, 756, 756, 309, 769, 309, 769, 196, 824, 861, 227, 309, 756, 756, 309, 769, 824, 196, 861, 196, 227, 2276, 437, 756, 309, 769, 196, 861, 309, 3540, 756, 756, 309, 769, 196, 861, 935, 824, 1122, 309, 756, 309, 769, 196, 861, 935, 350, 227, 309, 2276, 756, 756, 309, 769, 196, 824, 935, 861, 196, 756, 309, 769, 196, 824, 861, 3513, 3226, 756, 3513, 756, 309, 769, 196, 861, 1122, 309, 2276, 756, 756, 309, 769, 824, 756, 309, 769, 309, 3540, 2508, 4022, 756, 756, 309, 769, 196, 861, 935, 4022, 3904, 756, 769, 309, 227, 756, 756, 309, 769, 935, 437, 756, 756, 309, 769, 769, 227, 769, 196, 227, 350, 769, 769, 309, 3226, 1653, 3540, 756, 3761, 437, 309, 769, 935, 227, 309, 2276, 309, 769, 227, 769, 756, 769, 756, 769, 227, 756, 769, 935, 227, 3226, 227, 769, 935, 227, 227, 769, 756, 3109, 935, 935, 4390, 861, 935, 861, 4390, 3226, 3139, 2230, 3528, 3109, 437, 756, 437, 437]"
145,"[198, 261, 388, 467, 513, 544, 567, 587, 685, 261, 587, 925, 467, 544, 1082, 388, 567, 925, 567, 513, 261, 467, 1082, 544, 925, 388, 567, 1552, 1583, 1597, 198, 587, 1694, 1763, 1808, 1834, 685, 1841, 587, 1808, 1883, 513, 467, 925, 388, 261, 587, 567, 467, 2159, 388, 513, 198, 925, 1552, 1763, 2356, 567, 467, 1597, 1883, 198, 587, 1808, 685, 1763, 2567, 513, 467, 2567, 544, 388, 925, 198, 2356, 1694, 1763, 513, 2159, 2837, 1919, 467, 544, 198, 1082, 261, 587, 1841, 544, 513, 261, 467, 587, 925, 1808, 388, 198, 1082, 1694, 1597, 1583, 1763, 2567, 513, 1597, 2837, 1808, 925, 388, 261, 587, 198, 567, 544, 198, 1834, 1763, 2567, 1841, 2159, 1694, 2356, 261, 467, 544, 567, 388, 198, 587, 1583, 1883, 1694, 261, 388, 587, 587, 261, 513, 198, 1552, 1597, 1883, 467, 544, 198, 587, 567, 1082, 3559, 1883, 925, 544, 1694, 2159, 2356, 1841, 685, 1834, 1808, 2567, 513, 388, 198, 1763, 544, 1082, 587, 685, 1583, 1694, 1919, 2159, 513, 388, 198, 467, 544, 925, 1082, 567, 261, 513, 388, 587, 198, 1841, 1583, 1597, 2159, 467, 925, 3559, 219, 1082, 544, 1552, 513, 388, 198, 587, 1082, 467, 1883, 2159, 2567, 1763, 1552, 685, 2356, 1808, 1834, 1694, 513, 198, 2567, 1552, 388, 567, 1082, 261, 544, 587, 513, 388, 467, 544, 1082, 567, 198, 1552, 1597, 513, 261, 587, 388, 1082, 467, 567, 544, 2567, 1552, 2356, 1694, 198, 1834, 685, 1841, 513, 544, 587, 388, 567, 513, 567, 388, 198, 587, 261, 1082, 467, 544, 1763, 685, 1583, 1597, 513, 587, 388, 1583, 1597, 467, 1834, 1763, 544, 1082, 567, 261, 198, 1883, 2356, 513, 388, 544, 1082, 1583, 1883, 467, 1597, 1082, 567, 587, 388, 261, 685, 1694, 1834, 2159, 513, 261, 388, 587, 1082, 544, 1583, 2837, 1883, 198, 1808, 1694, 2159, 1763, 2356, 1841, 261, 388, 587, 467, 567, 544, 685, 1808, 2356, 1694, 513, 388, 219, 467, 1763, 587, 467, 1583, 1883, 4301, 1694, 2159, 2356, 198, 685, 198, 1841, 1834, 2567, 1552, 513, 261, 388, 198, 1082, 567, 467, 1583, 1597, 587, 388, 567, 1883, 4301, 587, 544, 2567, 198, 467, 1694, 1763, 261, 685, 1834, 1808, 513, 261, 198, 567, 2567, 4374, 4376, 467, 1082, 544, 567, 261, 587, 1694, 513, 261, 388, 198, 544, 467, 1082, 587, 567, 2356, 1808, 513, 388, 261, 198, 587, 1082, 544, 467, 2567, 1763, 1808, 1834, 685, 1552, 513, 388, 567, 544, 261, 2567, 1763, 467, 1082, 685, 1552, 1919, 2159, 1841, 1808, 513, 1082, 261, 388, 198, 587, 685, 1883, 567, 467, 544, 1763, 1694, 1834, 2356, 1552, 1841, 2159, 513, 388, 198, 544, 1583, 261, 567, 198, 587, 2567, 1763, 513, 261, 388, 2567, 1763, 467, 1583, 1597, 567, 685, 1082, 544, 1808, 1694, 2356, 1841, 513, 587, 2567, 1082, 1583, 388, 513, 388, 1082, 261, 2567, 1552, 1919, 1583, 1597, 587, 1841, 1694, 1808, 513, 261, 388, 2567, 467, 1883, 1919, 513, 198, 388, 587, 261, 2567, 1552, 467, 1082, 544, 1919, 567, 1808, 1883, 198, 1694, 1763, 1834, 2356, 1841, 685, 2159, 513, 2567, 198, 1552, 1552, 3559, 567, 467, 544, 513, 261, 388, 587, 2567, 1694, 3559, 567, 1082, 1834, 198, 544, 1763, 2159, 1808, 2356, 198, 587, 2567, 567, 513, 261, 1694, 544, 388, 1552, 1082, 1597, 685, 1808, 1763, 198, 513, 261, 388, 587, 1583, 1694, 2567, 467, 567, 1082, 544, 2159, 1552, 1808, 513, 587, 198, 2567, 544, 1883, 467, 388, 261, 567, 2837, 1082, 1763, 1552, 1808, 685, 1552, 467, 3559, 388, 198, 388, 513, 544, 261, 198, 2567, 587, 467, 3559, 644, 544, 467, 587, 198, 513, 2567, 1763, 2159, 198, 513, 2567, 1082, 587, 388, 467, 1808, 261, 1552, 1763, 567, 1694, 2159, 2567, 513, 388, 644, 467, 1552, 1763, 513, 198, 2567, 388, 261, 513, 198, 388, 1694, 261, 1082, 467, 1583, 587, 567, 544, 1552, 2567, 1763, 685, 513, 2567, 587, 1808, 388, 198, 1834, 4301, 1583, 1597, 544, 2567, 261, 388, 587, 1082, 1883, 467, 1694, 4301, 1552, 1808, 685, 2159, 2356, 513, 2567, 1950, 1597, 513, 2567, 388, 198, 587, 1552, 513, 388, 2567, 198, 261, 567, 1082, 544, 467, 1763, 1583, 4301, 261, 587, 567, 1082, 2837, 1694, 1763, 513, 2567, 388, 1883, 198, 567, 1082, 261, 1583, 1763, 1552, 1694, 513, 198, 3828, 2612, 1619, 4387, 1597, 544, 685, 1552, 1694, 513, 2567, 388, 198, 567, 1082, 2567, 513, 261, 587, 1082, 467, 544, 1583, 2356, 2567, 513, 388, 198, 261, 1583, 1597, 2567, 685, 1883, 467, 1763, 4301, 1763, 2567, 1789, 587, 1919, 1597, 388, 198, 261, 567, 1082, 544, 685, 2567, 1883, 4792, 1694, 587, 2837, 388, 261, 1082, 544, 2567, 587, 467, 4804, 198, 4792, 261, 1694, 4806, 467, 1082, 544, 4807, 467, 1763, 2567, 1763, 1883, 587, 388, 544, 198, 567, 4792, 1082, 4301, 2356, 1841, 1694, 4804, 1552, 2567, 513, 388, 261, 587, 567, 1082, 685, 4792, 467, 513, 388, 261, 1597, 685, 567, 2356, 4807, 1808, 1082, 418, 2837, 544, 467, 2567, 4792, 4792, 1552, 261, 198, 261, 513, 2567, 198, 587, 685, 567, 1082, 467, 2159, 1808, 1834, 2356, 4792, 567, 587, 513, 388, 198, 261, 1082, 544, 4804, 685, 467, 1694, 4301, 1763, 1834, 1808, 685, 1552, 4792, 261, 513, 388, 198, 587, 1583, 544, 467, 2567, 4792, 587, 388, 261, 1082, 544, 685, 467, 1583, 1552, 4792, 1082, 513, 388, 261, 567, 544, 1597, 1883, 4804, 1834, 1763, 1808, 4792, 198, 587, 1694, 2567, 1763, 4807, 513, 388, 1834, 1808, 2567, 4792, 544, 513, 451, 403, 567, 587, 1082, 467, 4792, 2567, 388, 513, 261, 4806, 1583, 567, 587, 1694, 1082, 544, 198, 388, 261, 1552, 1583, 1597, 1082, 4792, 567, 1552, 513, 198, 544, 1834, 685, 261, 4792, 198, 513, 261, 513, 388, 567, 1082, 685, 467, 2567, 1583, 685, 467, 1082, 4792, 544, 685, 4807, 2567, 261, 1597, 567, 1082, 1552, 198, 587, 1834, 261, 587, 388, 513, 567, 198, 467, 4792, 1082, 685, 4804, 4807, 2567, 1694, 1808, 1834, 2159, 1841, 1763, 2356, 2567, 513, 388, 261, 587, 4804, 587, 198, 1883, 4301, 3559, 2159, 1082, 544, 685, 4804, 2567, 2356, 1808, 1082, 587, 587, 261, 1694, 513, 388, 567, 1082, 1841, 2567, 198, 467, 1808, 388, 418, 1597, 567, 4804, 4807, 261, 544, 685, 261, 1583, 198, 1552, 388, 567, 1082, 587, 685, 1808, 4804, 4807, 1763, 261, 198, 567, 513, 4807, 4804, 2567, 2159, 388, 467, 1808, 544, 198, 1552, 261, 198, 1082, 388, 4806, 261, 513, 567, 467, 388, 544, 4807, 1763, 2356, 1082, 587, 1583, 2837, 1883, 388, 4807, 467, 544, 1694, 685, 567, 4792, 2567, 1834, 261, 587, 685, 467, 513, 567, 4804, 544, 1552, 4792, 4807, 2159, 1808, 261, 513, 388, 467, 4804, 4792, 2567, 219, 2837, 198, 4807, 4804, 567, 544, 685, 1552, 1763, 544, 388, 2567, 198, 587, 544, 4804, 1082, 685, 4807, 4806, 1808, 587, 198, 2567, 4804, 1082, 4792, 544, 685, 587, 1082, 388, 513, 198, 261, 467, 1883, 4792, 567, 4807, 2567, 1552, 261, 513, 3559, 1597, 1583, 4806, 467, 4804, 1883, 587, 1763, 388, 198, 4792, 4807, 567, 544, 1082, 587, 4807, 513, 198, 4804, 261, 567, 685, 4807, 2567, 261, 388, 3559, 261, 467, 4804, 513, 587, 198, 2567, 567, 1552, 1082, 467, 587, 587, 4807, 261, 467, 1808, 587, 388, 513, 261, 467, 1082, 567, 4807, 587, 587, 685, 388, 513, 4792, 1082, 4807, 2159, 4792, 2356, 587, 2567, 261, 513, 1597, 4804, 2567, 261, 2356, 1694, 587, 513, 388, 198, 261, 587, 513, 2567, 467, 3559, 1082, 388, 513, 4804, 567, 587, 513, 1597, 1583, 261, 198, 467, 2837, 567, 2567, 1552, 1763, 587, 685, 261, 388, 198, 4792, 4806, 567, 1834, 544, 587, 685, 567, 1082, 2837, 467, 2636, 4977, 4804, 567, 2567, 587, 1883, 467, 1552, 4301, 513, 388, 198, 4804, 467, 567, 587, 685, 2567, 513, 388, 4301, 1694, 587, 567, 1763, 587, 685, 4807, 467, 1583, 1597, 388, 198, 4792, 1694, 587, 2837, 467, 513, 4792, 1808, 2356, 4807, 1082, 567, 1082, 1552, 4807, 544, 2567, 388, 198, 4804, 467, 1082, 4804, 1583, 587, 1763, 1552, 2159, 1694, 2159, 1082, 2356, 4807, 261, 513, 388, 1552, 567, 1763, 1694, 1808, 587, 685, 544, 513, 4792, 1694, 1808, 1552, 4806, 1834, 587, 261, 3559, 2159, 4804, 467, 4792, 513, 388, 2567, 1883, 4301, 544, 2837, 1789, 1082, 418, 261, 1763, 587, 2567, 2159, 3559, 1694, 4792, 198, 261, 261, 467, 4804, 567, 4806, 4806, 2356, 2567, 567, 513, 198, 1597, 4806, 2567, 261, 4807, 1694, 388, 513, 4792, 1552, 567, 2159, 544]"
146,"[199, 312, 1060, 1838, 867, 158, 1350, 2227, 1838, 2453, 1570, 1838, 2036, 1838, 1570, 1659, 1750, 1350, 1838, 1390, 1350, 4096, 1350, 1838, 4495, 158, 4096, 241, 4708]"
147,"[200, 1007, 1050, 26, 1123, 1007, 200, 1682, 1007, 200, 1007, 1007, 579, 200, 1007, 2894, 1007, 672, 200, 1007, 841, 3440, 2293, 200, 841, 76, 1007, 841, 3653, 1007, 841, 1743, 1007, 3440, 841, 1007, 2565, 172, 1007, 2293, 841, 1007, 841, 23, 2996, 179, 172, 2293, 1007, 3440, 2769, 1007, 1638, 1007, 3440, 3440, 841, 1007, 3440, 841, 841, 3440, 2293, 2467, 200, 2293, 151, 2293, 3440, 841, 3225, 3776, 4513, 3346, 2437, 2293, 3440, 1007, 200, 1007, 2038, 841, 1219, 1007, 841, 1007, 2293, 3821, 1622, 4405, 4405, 1682, 87, 672, 672, 1075, 1682, 443, 199, 4372, 624, 4372, 2996, 1517]"
148,"[201, 1010, 3055, 201, 3055, 499, 499, 201, 3099, 201, 201, 2815, 1925, 499, 3725, 3055, 3725, 201, 201, 4266, 1925, 3320, 1520, 151, 3213, 3725, 201, 2721, 3099, 201, 201, 3516, 3099, 201, 102, 4266, 3725, 2293, 617, 3213, 3359, 1462, 3099, 3725, 201, 3725, 201, 3725, 3725, 3020, 4176, 1614, 201, 3516, 499, 3099, 3516, 3725, 3099, 1520, 151, 3099, 3725, 3099, 3099, 1037, 2209, 3252, 3359, 1462, 3055, 3725, 3099, 1925, 4894, 3725, 1721, 1918, 285]"
149,"[202, 299, 300, 297, 1331, 202, 299, 300, 297, 202, 297, 2197, 1384, 1331, 1896, 202, 1061, 1384, 2594, 297, 2197, 1331, 202, 202, 2915, 202, 1331, 455, 297, 299, 89, 1061, 2197, 202, 297, 299, 89, 1061, 202, 299, 2197, 1384, 1331, 202, 1331, 202, 297, 176, 202, 1331, 3747, 202, 202, 300, 299, 297, 299, 1331, 202, 297, 299, 300, 176, 202, 1331, 202, 455, 1331, 4095, 1896, 297, 300, 89, 1061, 1331, 202, 4095, 202, 3901, 202, 297, 299, 300, 1061, 89, 202, 2197, 1331, 297, 299, 300, 297, 300, 299, 202, 202, 297, 2197, 299, 202, 297, 299, 89, 1331, 202, 202, 1331, 3747, 202, 202, 1527, 3796, 202, 202, 1331, 202, 3796, 202, 1331, 1331, 3747, 202, 1600, 202, 455, 1331, 202, 455, 1896, 202, 1331, 3747, 455, 455, 176, 1159, 202, 202, 1331, 202, 1331, 202, 1331, 202, 1331, 1331, 3747, 202, 202, 3796, 202, 202, 176, 202, 2364, 2364, 202, 455, 202, 202, 455, 2594, 202, 1331, 202, 1331, 202, 202, 1331, 202, 1896, 202, 1600, 202, 1896, 1331, 1896, 202, 1331, 3747, 202, 202, 1896, 202, 406, 1331, 1331, 3747, 202, 455, 202, 1331, 299, 297, 202, 1331, 3747, 176, 1159, 176, 202, 297, 299, 299, 300, 1384, 2197, 202, 1331, 3747, 202, 455, 202, 299, 202, 1331, 1331, 202, 297, 299, 300, 1331, 299, 300, 297, 1331, 4095, 202, 202, 1331, 202, 202, 1331, 297, 89, 1061, 202, 297, 299, 2197, 202, 4095, 1331, 1331, 4095, 455, 202, 299, 297, 297, 3747, 4095, 202, 455, 202, 297, 299, 89, 1331, 202]"
150,"[203, 203, 2012, 203, 1201, 203, 4073, 3338, 4175, 4175, 203, 4175, 4175, 1557, 4175, 4175, 4073, 1734, 4073, 4175, 4073, 4175, 4073, 2995, 4175, 1009, 4073, 203, 2012, 4175, 203, 4073, 2512, 4073, 4175, 1570, 151, 4175, 203, 1009, 1158, 4073, 4073, 4175, 4175, 2012, 4073, 4175, 4073, 4175, 203, 4175, 203, 4073, 203, 4175, 4073, 4073, 1632, 2047, 203, 4073, 4175, 203, 4073, 2706, 4073, 203, 443, 4073, 910, 4073, 4073, 4597, 2653, 4175, 203, 4175, 812, 102, 2688, 4175, 4175, 4073, 1201, 4073, 203, 102, 4073, 4175, 4073, 102, 4175, 203, 1576, 1364, 4175, 203, 4175]"
151,"[204, 204, 1006, 204, 1619, 1619, 204, 204, 1619, 1619, 204, 1619, 1619, 204, 1619, 1264, 1619, 1619, 204, 3950, 3950, 2998, 3300, 204, 1619, 3950, 1619, 3950, 204, 1619, 2998, 3950, 2612, 204, 1619, 1619, 3950, 1619, 3950, 3950, 2998, 1619, 3950, 1619, 1619, 204, 1619, 1619, 3950, 204, 3950, 204, 204, 1619, 204, 1619, 3950, 3950, 2902, 1619, 2902, 1619, 3950, 3494, 3950, 1619, 3950, 3950, 1619, 204, 3620, 1313, 1619, 2998, 3950, 2998, 3950, 4655, 3950, 1619, 204, 204, 1619, 3300, 2998, 2998, 3950, 3950, 204, 4655, 2998, 665, 2189]"
152,"[206, 367, 408, 367, 408, 1137, 1340, 206, 1341, 1559, 367, 1723, 206, 810, 367, 1087, 408, 1340, 810, 206, 408, 367, 408, 206, 810, 2708, 206, 367, 367, 206, 810, 367, 367, 2465, 367, 251, 1415, 1627, 1578, 206, 1341, 206, 810, 206, 1340, 1341, 206, 1340, 810, 408, 367, 363, 1340, 810, 206, 367, 363, 206, 1340, 1341, 206, 2678, 206, 408, 1087, 367, 363, 206, 206, 408, 367, 408, 1559, 3827, 367, 3849, 1087, 367, 367, 206, 206, 367, 206, 1341, 367, 1087, 408, 206, 2678, 810, 206, 810, 206, 333, 810, 1340, 206, 408, 367, 1087, 206, 1340, 206, 408, 206, 1340, 206, 1807, 1677, 367, 1723, 367, 4296, 1559, 367, 2465, 367, 206, 1341, 206, 810, 363, 206, 1340, 810, 514, 1087, 367, 367, 363, 206, 2678, 1340, 810, 1340, 810, 810, 1087, 367, 408, 367, 1340, 810, 206, 367, 408, 2465, 367, 363, 206, 1341, 810, 206, 1340, 810, 408, 367, 206, 1340, 408, 1087, 367, 206, 2678, 206, 363, 810, 363, 206, 810, 1340, 363, 810, 1807, 363, 206, 408, 367, 363, 206, 2678, 1340, 206, 1723, 367, 363, 206, 810, 206, 1723, 4296, 1723, 367, 1723, 363, 206, 1340, 408, 367, 408, 1723, 367, 363, 206, 2678, 810, 206, 367, 4296, 367, 1723, 367, 363, 206, 367, 408, 363, 206, 206, 2678, 206, 367, 1723, 367, 810, 1340, 408, 363, 810, 206, 2678, 3045, 367, 408, 1677, 367, 363, 206, 1341, 810, 367, 363, 206, 367, 363, 367, 1723, 367, 4296, 1723, 367, 206, 1723, 367, 363, 363, 206, 408, 1723, 367, 206, 206, 367, 408, 363, 206, 367, 367, 408, 1723, 367, 363, 206, 206, 367, 363, 206, 1341, 206, 367, 206, 206, 4296, 367, 363, 1341, 810, 206, 367, 408, 367, 363, 206, 408, 206, 2678, 206, 4296, 206, 810, 367, 367, 408, 367, 367, 3277, 4296, 367, 363, 206, 1341, 206, 363, 206, 1341, 206, 367, 367, 1677, 3277, 4296, 367, 367, 206, 367, 367, 206, 367, 4936, 4296, 1723, 367, 2678, 367, 408, 206, 206, 2465, 4926, 363, 206, 4926, 810, 1723, 206, 408, 206, 4926, 206, 367, 1723, 367, 206, 367, 3018, 1566, 206, 206, 1723, 206, 206, 1341, 4926, 4936, 367, 206, 4296, 206, 4936, 367, 4926]"
153,"[209, 268, 921, 944, 498, 504, 1092, 1102, 921, 944, 102, 1092, 102, 1491, 498, 944, 921, 921, 1092, 1102, 490, 944, 921, 1102, 944, 921, 777, 944, 944, 1920, 209, 921, 1102, 2822, 944, 490, 2816, 1873, 944, 1092, 1092, 1102, 498, 944, 1491, 3534, 944, 944, 498, 3008, 1092, 1102, 2744, 189, 2996, 1092, 498, 944, 1092, 1102, 921, 944, 498, 1102, 921, 944, 102, 3008, 1707, 1102, 3008, 102, 1092, 490, 490, 950]"
154,"[210, 1976, 436, 378, 2572, 1759, 612, 1617, 4493, 4493, 2990, 4493, 4493, 2927, 391, 4493, 1712, 4493, 4493, 3000, 172, 4493, 4493, 3343, 4090, 3837, 4493, 4493, 61, 61, 378, 4493, 2016, 61, 4493, 4493, 1976, 4493, 4379, 1976, 4493, 1976]"
155,"[211, 345, 836, 837, 1184, 345, 836, 837, 837, 836, 211, 1184, 345, 345, 1184, 837, 836, 211, 1184, 345, 1184, 837, 836, 211, 1184, 345, 836, 837, 211, 1184, 345, 345, 1184, 3197, 345, 1184, 837, 1184, 345, 836, 837, 211, 345, 837, 836, 211, 1184, 345, 836, 837, 1184, 345, 345, 836, 837, 3700, 837, 836, 837, 836, 3922, 837, 345, 1184, 836, 345, 836, 837, 211, 1184, 345, 836, 837, 836, 837, 211, 345, 1184, 345, 836, 837, 211, 1184, 345, 836, 837, 211, 1184, 345, 1184, 345, 1184, 836, 837, 836, 837, 211, 345, 836, 837, 345, 1184, 211, 1184, 211, 1184, 345, 345, 1184, 836, 837, 1184, 211, 836, 837, 211, 1184, 345, 836, 837, 211, 345, 1184, 836, 837, 211, 836, 837, 211, 1184, 345, 345, 1184, 2271, 837, 836, 211, 1184, 345, 836, 837, 211, 1184, 345, 836, 837, 345, 1184, 836, 837, 211, 837, 836, 837, 1184, 836, 837, 836, 837, 211, 836, 837, 211, 837, 836, 211, 4690, 1184, 345, 1184, 345, 1184, 345, 2948, 836, 837, 211, 2271, 1184, 345, 837, 836, 211, 1184, 345, 836, 837, 1184, 345, 836, 837, 4743, 211, 345, 836, 837, 4743, 345, 1184, 1184, 836, 4743, 211, 1184, 837, 4743, 211, 1184, 345, 836, 837, 4743, 1184, 345, 836, 837, 4743, 836, 837, 4743, 211, 1184, 345, 837, 4743, 836, 837, 4743, 1184, 345, 837, 836, 4743, 837, 836, 4743, 211, 1184, 836, 837, 4743, 345, 836, 837, 211, 1184, 345, 4743, 837, 836, 211, 345, 836, 837, 4743, 1184, 345, 837, 4743, 836, 211, 1184, 345, 1184, 837, 836, 4743]"
156,"[212, 251, 314, 321, 208, 375, 321, 314, 251, 212, 212, 1864, 2066, 251, 2082, 212, 2194, 321, 1509, 1823, 2354, 321, 314, 2508, 1806, 2082, 251, 314, 1806, 314, 2082, 212, 2821, 314, 251, 2082, 212, 212, 314, 2066, 251, 321, 314, 3238, 1487, 1806, 314, 2082, 212, 314, 2082, 212, 251, 2066, 314, 1806, 212, 212, 3587, 321, 314, 321, 1109, 375, 410, 314, 3587, 314, 314, 212, 212, 1743, 410, 251, 1806, 314, 314, 3587, 212, 212, 314, 314, 176, 212, 314, 4022, 314, 212, 2066, 314, 3587, 1806, 2374, 329, 793, 314, 1806, 212, 314, 1806, 314, 644, 82, 2341, 382, 527, 314, 1806, 3093, 2082, 212, 2928, 2066, 314, 212, 2194, 212, 314, 314, 2066, 2082, 212, 3587, 2067, 1018, 24, 321, 321, 314, 2066, 2082, 212, 2654, 212, 2066, 314, 314, 212, 1710, 212, 2082, 314, 212, 212, 2066, 314, 321, 1806, 314, 314, 2066, 212, 212, 3922, 314, 2082, 3587, 2066, 2082, 212, 3882, 314, 1806, 314, 2066, 2194, 212, 314, 314, 2066, 2082, 212, 3648, 314, 309, 2749, 1767, 3143, 1090, 309, 314, 1806, 314, 2508, 536, 4599, 4022, 4390, 1806, 3226, 314, 275, 314, 4614, 4589, 314, 1806, 314, 2082, 212, 3587, 314, 4614, 1806, 314, 212, 2082, 2066, 212, 4614, 502, 2324, 4614, 2066, 2082, 212, 212, 1806, 4614, 2066, 2082, 212, 212, 3443, 4614, 1806, 1487, 4614, 2082, 212, 2194, 212, 1806, 793, 527, 382, 4614, 4614, 1806, 4614, 212, 4614, 1806, 4614, 2082, 212, 4614, 212, 2194, 3922, 1806, 212, 4614, 4599, 3238, 4614, 1806, 4022, 4614, 793, 981, 4614, 1806, 2194, 212, 2508, 4614, 4614, 1806, 212, 3587, 4614, 314, 212, 212, 4614, 1814, 2004, 2568, 1170, 748, 4614, 4614, 2194, 4614, 536, 1806, 4614, 4614, 2568, 1170, 748, 3587, 4614, 212, 4599, 4022, 212, 2654, 212, 4614, 2066, 212, 2654, 212, 3114, 4614, 4614, 212, 3587, 212, 159, 212, 2508, 212, 2568, 3945, 2513, 1918, 3945, 981, 4599, 4614, 212, 212, 2654, 4614, 4614, 1806, 4614, 4614, 212, 4614, 4614, 212, 2066, 212, 212, 3587, 4614, 212, 439, 439, 4614, 1806, 176, 1806, 212, 212, 4614, 1627, 370, 4269, 4614, 1806, 1806, 4614, 212, 1591, 212, 2194, 1806, 4614, 4022, 1806, 212, 4614, 3947, 3769, 502, 227, 1170, 1170, 4614, 212, 212, 2004, 4614, 4614, 1806, 212, 4614, 1806, 4614, 212, 4614, 212, 1710, 3238, 4022, 212, 212, 2194, 4614, 4599, 4614, 536, 4614, 2673, 2928, 1806, 212, 3238, 4614, 1806, 1806, 4893, 212, 2928, 4614, 3819, 2928, 1806, 4614, 212, 2194, 2928, 3587, 212, 2194, 4614, 4614, 212, 212, 2928, 1957, 4614, 3947, 151, 3774, 2570, 1488, 4614, 4614, 212, 212, 1806, 212, 4614, 2928, 4614, 2256, 647, 4614, 2194, 4614, 212, 2928]"
157,"[214, 373, 932, 214, 214, 31, 1985, 214, 2295, 214, 2562, 373, 214, 2295, 214, 214, 2735, 214, 2735, 214, 373, 214, 2735, 214, 3384, 932, 932, 214, 2735, 214, 2735, 2562, 3456, 3384, 3457, 932, 3384, 932, 3457, 2295, 373, 3501, 214, 2735, 3557, 932, 3457, 2562, 214, 373, 373, 3501, 2735, 214, 3501, 2562, 3457, 3384, 3557, 932, 2562, 3501, 214, 373, 2562, 2562, 373, 214, 3501, 2562, 3384, 3557, 932, 3457, 2562, 373, 3501, 2735, 214, 3119, 373, 2562, 3365, 2735, 214, 3501, 2562, 3457, 3384, 3557, 932, 3457, 2562, 373, 214, 3501, 2562, 3384, 3457, 3557, 932, 2735, 214, 3501, 2562, 3457, 3384, 3557, 932, 214, 3501, 2562, 3457, 3384, 3557, 932, 932, 3557, 3501, 2562, 3457, 3384, 3557, 932, 2562, 373, 2735, 214, 373, 3457, 2562, 373, 3501, 2735, 214, 2735, 214, 3501, 2562, 3457, 3384, 3557, 932, 2735, 214, 3501, 2562, 3457, 3384, 3557, 932, 2735, 214, 2562, 3384, 3557, 932, 3557, 932, 2562, 2295, 2735, 214, 3501, 373, 2562, 2295, 1807, 3365, 2295, 214, 2562, 1928, 214, 2735, 3501, 2562, 3457, 3384, 3557, 932, 2295, 373, 2735, 214, 2562, 3457, 3557, 932, 3550, 932, 2051, 373, 2295, 2735, 214, 3501, 2562, 3457, 3384, 3557, 932, 373, 2735, 214, 3501, 2562, 3457, 3384, 3557, 932, 932, 373, 3119, 2735, 214, 373, 214, 2295, 214, 2735, 373, 2295, 2562, 2453, 2453, 214, 2735, 214, 3501, 2562, 3457, 3384, 3557, 932, 373, 2295, 2735, 214, 3501, 2562, 3384, 3457, 3557, 932, 2735, 214, 3501, 2562, 3384, 3457, 3557, 932, 2295, 373, 214, 2735, 3501, 2562, 3457, 3384, 3557, 932, 373, 1707, 1707]"
158,"[215, 2881, 215, 1012, 999, 3748, 1214, 3118, 3120, 999, 2833, 26, 23, 23, 2764, 23, 999, 1010, 2373, 999, 2131, 3808, 2764, 1484, 443, 3021, 3808, 59, 23, 43, 3021, 2443, 3243, 18, 215, 23, 883, 3772, 999, 3662, 43, 23, 999, 499, 23, 26, 23, 43, 130, 1614, 3516, 999, 23, 1428, 499, 2749, 59, 887, 1428, 3205, 999, 4708, 4893, 215, 3205, 43, 499, 26, 3120, 3622]"
159,"[218, 217, 1008, 217, 217, 218, 158, 2447, 3296, 3355, 217, 218, 217, 217, 218, 1704, 3608, 217, 218, 3608, 1704, 3608, 218, 217, 3608, 217, 3608, 218, 1704, 3608, 218, 217, 218, 1704, 217, 218, 1997, 218, 217, 3608, 218, 173, 217, 218, 217, 3608, 217, 218, 3608, 217, 217, 218, 3608, 218, 218, 217, 217, 218, 1704, 217, 218, 217, 218, 3608, 217, 218, 3608, 217, 3111, 1252, 324]"
160,"[220, 276, 365, 365, 1291, 1290, 365, 457, 276, 102, 1445, 498, 868, 2283, 2286, 365, 1290, 1291, 868, 2283, 2286, 457, 498, 102, 276, 1445, 2286, 365, 1291, 1290, 102, 1445, 2864, 498, 2283, 498, 365, 1290, 1291, 457, 102, 1445, 498, 2283, 2286, 1290, 365, 1291, 1291, 1290, 457, 1445, 498, 2283, 2286, 365, 1290, 1291, 365, 1291, 1290, 102, 498, 2283, 2286, 365, 1290, 1291, 3115, 457, 102, 498, 868, 2283, 2286, 3227, 365, 1291, 1290, 457, 102, 276, 498, 2283, 2286, 365, 1291, 365, 1290, 1291, 2477, 457, 102, 2283, 2286, 406, 61, 2823, 3008, 102, 276, 1445, 102, 276, 1445, 2864, 498, 2283, 2286, 2491, 498, 2283, 2286, 102, 276, 498, 2286, 1445, 276, 2864, 498, 2286, 102, 457, 1445, 498, 2283, 2286, 457, 102, 1445, 498, 2283, 2286, 457, 102, 1445, 276, 2864, 498, 2283, 2286, 276, 2283, 457, 102, 1445, 498, 2286, 3827, 457, 102, 1445, 2864, 2283, 2286, 457, 276, 102, 1445, 2864, 2286, 102, 2283, 2286, 102, 1445, 498, 2283, 2286, 1445, 2864, 498, 2283, 2286, 498, 868, 2283, 2286, 209, 2997, 498, 102, 2283, 2286, 1170, 2004, 78, 78, 4311, 4311, 1170, 1170, 357, 209, 357, 498, 2283, 2286, 498, 2283, 2286, 4739, 102, 498, 868, 2283, 2286, 276, 498, 2286, 4739, 209, 2404, 4739, 2283, 2286, 4739, 4739, 4392, 209, 276, 498, 2283, 4739, 2404, 4739, 102, 498, 2286, 102, 498, 2283, 4739, 102, 1445, 498, 2283, 2286, 2283, 276, 498, 868, 2283, 2286, 4739, 102, 276, 1445, 498, 2283, 2286, 4739, 102, 276, 1445, 498, 2283, 2286, 4739, 102, 498, 498, 2286, 209, 4739, 498, 2283, 2286, 2286, 209, 276, 2283, 102, 868, 2283, 2286, 102, 4739, 324, 357, 2404, 4739, 229, 324, 357, 102, 2283, 2286, 2286, 2283, 102, 4739, 498, 868, 1445, 276, 102, 498, 2283, 102, 276, 1445, 2283, 2286, 498, 209, 4739, 2286, 2283, 4739, 102, 276, 1445, 2864, 2283, 2286, 2283, 102, 406, 4739]"
161,"[224, 406, 727, 224, 224, 1075, 224, 406, 61, 20, 3774, 371, 224, 3945, 4054, 4054, 3945, 3945, 4054, 4104, 1981, 1981, 3312, 3965, 3945, 4054, 727, 2870, 3945, 4054, 4142, 4142, 4089, 364, 1622, 617, 4054, 3945, 3529, 2935, 1786, 224, 727, 499, 727, 187, 3032, 224, 406, 406, 727, 3945, 4054, 3945, 2788, 3945, 4054, 4054, 3945, 2536, 1198, 3607, 3364, 3725, 4142, 4054, 3945, 1754, 4775, 406, 224, 3249, 3763, 3725, 406, 406, 3328, 4775, 1593, 224, 1926, 406, 3104, 4016, 4894, 727, 224, 187, 1696, 4775, 4894, 224, 2320, 499, 3328, 1696, 3725, 224, 727, 224, 2480, 1191, 2038, 1485, 1913, 4894]"
162,"[226, 226, 357, 1718, 226, 226, 2091, 2124, 226, 226, 2091, 1132, 2179, 226, 2558, 226, 2091, 2124, 226, 226, 357, 2268, 1607, 226, 226, 2091, 2784, 3412, 3447, 226, 2179, 226, 2091, 1567, 226, 1950, 82, 2558, 226, 4068, 226, 1829, 226, 226, 2091, 2124, 4209, 2124, 226, 2091, 4209, 4173, 226, 3784, 226, 2091, 2124, 226, 226, 2091, 226, 2091, 226, 4209, 1372, 226, 226, 2091, 226, 2558, 226, 2091, 2124, 2124, 4068, 2091, 226, 2124, 1829, 226, 257, 226, 2091, 4209, 3972, 2124, 2558, 226, 2091, 2124, 226, 2091, 4209, 4068, 2124, 226, 257, 2124, 443, 2124, 226, 257, 257, 226, 2091, 257, 226, 2887, 537, 226, 257, 226, 2091, 226, 257, 226, 2091, 2124, 257, 226, 2091, 2124, 4068, 257, 257, 226, 2091, 4209, 4068, 2124, 226, 257, 226, 2091, 2124, 4476, 3729, 226, 257, 4700, 257, 2558, 257, 226, 2091, 2124, 226, 257, 226, 2091, 2124, 226, 257, 257, 226, 2091, 2124, 4068, 2124, 226, 257, 257, 226, 2091, 226, 2124, 3267, 3694, 226, 257, 226, 2091, 151, 2124, 257, 226, 2091, 257, 226, 2091, 4209, 226, 257, 257, 226, 2091, 226, 257, 257, 226, 2091, 2124, 4209, 2179, 257, 257, 226, 2091, 2124, 1132, 4068, 257, 257, 226, 249, 3035, 2124, 4068, 226, 2558, 257, 226, 2091, 3061, 226, 257, 2091, 2124, 226, 257, 257, 226, 2091, 2124, 2124, 2179, 1041, 4222, 226, 257, 257, 2091, 2124, 257, 226, 2091, 2124, 4209, 257, 257, 226, 2091, 2124, 226, 226, 1577, 226, 2558, 257, 226, 2124]"
163,"[228, 229, 2459, 228, 3768, 1504, 3980, 2459, 2459, 2302, 2459, 2304, 2459, 510, 451, 228, 2459, 2459, 771, 228, 2990, 2459, 228, 2459, 228, 2459, 228, 3807, 3768, 2762, 3790, 3768, 228, 2459, 228, 3768, 2459, 228, 2459, 1252, 3768, 228, 2459, 228, 3768, 228, 3768, 3768, 324, 3768, 228, 2459, 3768, 3768, 228, 228, 3768, 228, 870, 209, 3768, 249, 2995, 3768, 1371, 228, 228, 2459, 228, 228, 771, 228, 2459, 3768]"
164,"[233, 705, 233, 705, 1363, 233, 233, 705, 2475, 705, 233, 2852, 705, 385, 48, 1905, 2852, 3215, 1363, 94, 1363, 1363, 1693, 233, 2852, 705, 2852, 2475, 2852, 2475, 2852, 233, 705, 659, 48, 1905, 1363, 1363, 397, 330, 233, 2852, 2475, 2852, 705, 2475, 233, 705, 705, 1905, 2852, 385, 1363, 1363, 2437, 233, 48, 705, 2852, 233, 1202, 2266, 2668, 791, 1555, 1905, 2852, 1807, 1363, 3215, 48, 1905, 233, 2475, 2475, 705, 2852, 48, 233, 705, 48, 2475, 1930, 48, 2852, 705, 48, 1905, 2852, 1363, 397, 330, 1905, 233, 705, 2475, 705, 2852, 233, 705, 2475, 705, 2852, 233, 705, 3409, 48, 1905, 1905, 2852, 1363, 705, 2852, 48, 2852, 705, 705, 597, 48, 1363, 1363, 3731, 233, 2852, 705, 1363, 1363, 233, 705, 2852, 705, 705, 2852, 2852, 705, 1905, 2852, 597, 4114, 1363, 1363, 233, 705, 2475, 2852, 705, 2475, 705, 2475, 233, 705, 705, 1532, 705, 3409, 1905, 1363, 233, 1943, 397, 705, 233, 2852, 1363, 1943, 1532, 1603, 1905, 2925, 1943, 3731, 385, 48, 1943, 3010, 1709, 4893, 4893, 1363, 1363, 2687, 705, 1817, 1363, 1386, 2687, 2227, 3690, 1363]"
165,"[236, 592, 95, 1386, 1471, 592, 363, 1965, 253, 592, 592, 2608, 592, 592, 1471, 592, 1221, 592, 1471, 1046, 3426, 236, 1471, 236, 592, 1471, 592, 95, 3426, 95, 592, 1471, 1221, 36, 592, 592, 236, 592, 592, 236, 592, 173, 592, 1221, 592, 95, 173, 592, 592, 236, 592, 95, 1471, 1471, 95, 592, 3426, 95, 592, 592, 1221, 592, 1221, 592, 236, 592, 95, 236, 592, 592, 1221, 592, 18, 592, 592, 1471, 1471, 592, 1471, 592, 1221, 592, 1955, 363, 1603, 592, 3426, 592, 1221, 592, 3426, 592, 363, 293, 592, 608, 1221, 236, 592, 236, 1471, 592, 592, 3426, 592, 236, 592, 1471, 1471, 1221, 1221, 592, 2608, 592, 3426, 592, 1256, 1471, 1008, 592, 1221, 363, 592, 2816, 1221, 1471, 1471, 592, 1285, 1603, 463, 592, 608, 1221, 592, 18, 463, 592, 592, 173, 592]"
166,"[237, 1807, 237, 220, 363, 18, 2282, 1941, 237, 237, 2477, 3365, 237, 363, 237, 2944, 237, 3466, 1533, 2679, 237, 3150, 237, 237, 1670, 237, 237, 1670, 237, 237, 1670, 237, 4276, 237, 3150, 2765, 4318, 1978, 4321, 237, 3910, 2859, 82, 82, 88, 3565, 88, 2859, 2477, 4507, 3565, 88, 2010, 226, 88, 1659, 88, 2477, 1670, 88, 2105, 337, 4409, 2105, 337, 1614, 1219, 2293, 3218, 2462, 249, 56, 1730, 2105, 3740, 1485, 337, 88, 220, 2105, 4402, 4372, 1219, 4013, 2105, 2105, 4409, 1614, 4013, 2105, 4660, 4386, 2105, 2105, 4507, 1978, 29, 1594]"
167,"[238, 123, 238, 1432, 1432, 406, 3474, 3588, 1432, 3474, 384, 3474, 123, 1432, 2119, 1951, 3588, 1432, 3474, 3588, 1432, 3588, 1432, 378, 3474, 3588, 3588, 3474, 1432, 2481, 3474, 3588, 3474, 829, 1432, 3588, 1432, 3588, 2048, 1432, 3588]"
168,"[239, 1171, 1171, 175, 1171, 3406, 239, 1104, 1171, 1171, 3406, 1293, 807, 2900, 3759, 239, 1239, 239, 2207, 1171, 239, 1202, 4381, 239, 1171, 2484, 239, 1171, 2743, 239, 1171, 1171, 3406, 3617, 1171, 1171, 1202, 1171, 1171, 3679, 4303, 4893, 116, 1171, 5079]"
169,"[240, 240, 1183, 1310, 240, 1992, 240, 1598, 240, 240, 3443, 240, 3443, 1310, 1559, 1310, 333, 4574, 1310, 176, 4574, 4141, 4574, 4574, 3938, 4574, 4574, 1205, 4574, 4574, 3285, 4574, 4574, 331, 4574, 4574, 4950, 4574, 1183, 4574, 4679, 4574, 4679, 4574, 4574, 1205, 4574, 4574, 4679, 4574, 4574, 5072, 4574, 343, 331, 5072]"
170,"[241, 1947, 1979, 1990, 1154, 2739, 370, 3791, 1096, 3345, 4291, 3745, 1096, 1209, 3605, 3774, 3677, 257, 1950, 82, 1096, 1096, 2284, 1096, 3207, 1096, 4261, 2676, 4422, 3760, 76, 4372, 2884, 134, 2865, 4896, 4896, 2909, 4896, 3303, 3345, 4896, 1096, 82, 4034, 2284, 506]"
171,"[243, 960, 1002, 1002, 2399, 365, 365, 960, 3045, 243, 243, 365, 1002, 1322, 2913, 1002, 243, 1002, 3240, 2023, 1002, 365, 1002, 3362, 3821, 3362, 365, 1002, 151, 243, 1002, 1009, 2640, 1002, 365, 2913, 1002, 151, 516, 151, 2399, 365, 1002, 959, 2399, 960, 3298, 1002, 1997, 365, 1002, 1730, 258, 365, 1997, 84, 1087, 2399, 365, 1002, 1002, 102, 1002, 1002, 1997, 799, 1002, 1002, 4098, 1627, 617, 1002, 2449, 1002, 4643, 1002, 2653, 1997, 2995, 151]"
172,"[244, 2496, 4159, 4159, 1185, 4159, 3553, 1878, 4159, 244, 1477, 4551, 2496, 1477, 2063, 4159, 244, 4159, 244, 1185, 4592, 4593, 4159, 4592, 2496, 4592, 4551, 4593, 4159, 1003, 4593, 4592, 4159, 4551, 4551, 1185, 4592, 4593, 4159, 4593, 4551, 2496, 2496, 4551, 1185, 4593, 4592, 4159, 1477, 2146, 4159, 4641, 4159, 4593, 1477, 2496, 1003, 1878, 396, 4551, 4592, 4593, 4159, 4551, 4672, 1477, 4551, 4593, 4641, 4159, 1477, 4159, 4159, 4719, 4551, 4593, 4592, 4159, 4592, 4593, 4719, 1477, 2496, 244, 1003, 4159, 1003, 1003, 4593, 4159, 4159, 244, 1526, 4159, 2496, 244, 2496, 244, 2496, 4593, 4159, 4593, 4159, 3553, 4364, 1878, 1003, 4364, 244, 2496, 5036, 244, 4159, 4159, 3553, 2520, 4159, 244, 2496, 4159, 4551, 4719, 4592, 4159, 4641, 3553, 4641, 4719, 2496, 4672, 4719, 4551, 4593, 4159]"
173,"[245, 510, 828, 911, 828, 1469, 1523, 510, 828, 1864, 510, 828, 510, 2237, 1155, 828, 1523, 911, 1430, 510, 1430, 828, 510, 1430, 510, 828, 828, 911, 3379, 828, 510, 1523, 1430, 828, 911, 1430, 828, 1430, 510, 828, 3812, 828, 2237, 1430, 1469, 3882, 828, 911, 1523, 828, 828, 911, 1430, 510, 828, 828, 510, 1430, 828, 4121, 510, 828, 2237, 1430, 1469, 1430, 510, 828, 911, 510, 1430, 1475, 510, 2237, 510, 828, 510, 1430, 828, 1430, 2907, 828, 911, 510, 510, 828, 1469, 4430, 828, 4121, 1625, 1430, 510, 828, 1469, 1430, 510, 828, 1430, 510, 828, 828, 1430, 828, 2867, 4430, 828, 828, 1430, 3106, 1430, 510, 828, 510, 4430, 828, 1430, 828, 1430, 1523, 828, 1430, 1430, 828, 1430, 4430, 828, 1523, 510, 828, 1430, 510, 1430, 1430, 1523, 510, 828, 2867, 4441, 3812, 828, 1430, 510, 828, 1430, 3106, 828, 1430, 510, 707, 3329, 828, 1430, 510, 1430, 1523, 1430, 2907, 828, 1423, 828, 2237, 828, 828, 4801, 828, 1430, 1523, 510, 828, 1430, 2907, 828, 1430, 1523, 828, 1430, 1523, 828, 1469, 1430, 828, 1430, 1523, 828, 1430, 828, 1430, 828, 1430, 4541, 828, 828, 2237, 1430, 1430, 1523, 1469, 4430, 2037, 4430, 1430, 1423, 1430, 510, 2867, 1430, 510, 1430, 3605, 1430, 1430, 1381, 1381, 1430, 4121, 1430, 4870, 1430, 1430, 1469, 1430, 5078, 1430]"
174,"[246, 246, 3106, 489, 1364, 246, 1541, 1541, 246, 226, 226, 246, 246, 4290, 246, 1052, 246, 1577, 190, 246, 246, 1052, 3106, 246, 489, 1052, 842, 246, 666, 1052, 489, 246, 489, 246, 489, 190, 246, 489, 1052, 1052, 3759, 489, 1364, 842, 190, 1052, 1703, 1678, 246, 842, 246, 246, 4626, 1052, 246, 1576, 1252, 190, 246, 489, 4356, 489, 489, 246, 246, 3106, 2640, 246, 246, 3546, 3299, 2512, 3759, 246, 246, 842]"
175,"[247, 1553, 2765, 2926, 247, 247, 3615, 2765, 26, 151, 4106, 2652, 2926, 3615, 3615, 2765, 3615, 3615, 2765, 3615, 76, 247, 247, 2765, 23, 3615, 76, 3615, 3615, 2765, 76, 76, 1622, 617, 1204, 3615, 3615, 76, 1659, 222, 247, 2765, 76, 2765, 3615, 2765, 247, 3615, 2765, 3423, 151, 222, 2765, 3615, 2711, 1104, 3615, 2765, 3615, 1712, 1292]"
176,"[38, 552, 1241, 1393, 552, 1766, 1241, 1846, 552, 552, 1766, 1846, 552, 1241, 1846, 1766, 1241, 1846, 1393, 1766, 552, 1846, 1241, 552, 552, 1241, 1393, 1766, 1241, 1766, 552, 1766, 1241, 552, 552, 1766, 1241, 1846, 552, 1846, 1766, 1241, 1846, 552, 1766, 1241, 552, 552, 1241, 1393, 1766, 1241, 1393, 1475, 1766, 552, 552, 1766, 552, 1241, 1846, 552, 1393, 1766, 1241, 1766, 1241, 552, 1766, 552, 1766, 1241, 552, 1393, 1241, 1846, 552, 1241, 552, 1393, 1766, 1393, 1241, 1241, 552, 1241, 1393, 1241, 1846, 1241, 552, 552, 1393, 1241, 1846, 552, 1766, 1766, 1393, 3986, 3986, 1846, 552, 1766, 1241, 552, 552, 1241, 1846, 1241, 1241, 552, 552, 1393, 1475, 1766, 1241, 552, 1241, 1846, 552, 1766, 1241, 1241, 552, 1241, 1393, 1241, 1393, 1766, 1766]"
177,"[249, 324, 249, 443, 23, 151, 1075, 3198, 151, 1075, 76, 1075, 151, 23, 249, 1075, 102, 1015, 151, 1689, 36, 2010, 4125, 1075, 249, 249, 2437, 363, 3233, 76, 1075, 256, 151, 443, 249, 516, 443, 2111, 249, 3198, 443, 1075, 2671, 3206, 76, 151, 23, 1889, 102, 443, 23, 1032, 3198, 3198, 249, 249, 3198, 2293, 76, 151, 1889, 56, 4125, 1889, 2652, 151, 1075, 510, 3198, 3198, 443, 23, 1889, 3198, 2844, 1075, 1495, 1075, 4352, 249, 3198, 249, 443, 442, 249, 443]"
178,"[252, 252, 1582, 1767, 1864, 2348, 252, 2588, 2590, 2136, 187, 328, 187, 2819, 252, 3181, 2481, 1458, 1458, 252, 2494, 252, 1458, 371, 1458, 61, 3871, 61, 2348, 2136, 2075, 2132, 2136, 187, 2136, 2819, 252, 1458, 3992, 3601, 1713, 2348, 4150, 3773, 1809, 2588, 2132, 2136, 31, 2132, 2136, 187, 3144, 1750, 2348, 3324, 2590, 2875, 2995, 1582, 2028, 1873, 3122, 4226, 2136, 2132, 187, 2132, 187, 2136, 2132, 530, 2132, 1807, 2132, 2348, 2136, 1157, 2136, 2132, 494, 1981, 2964, 2136, 2132, 2819, 2132, 2136, 1582, 2136, 2819, 2132, 2132, 2136, 2136, 2217, 288, 2588, 4028, 1767, 2564, 2348, 2132, 2136, 187, 2476, 2132, 3662, 328, 2132, 2348, 2136, 2136, 2348, 494, 3777, 2588, 187, 2136, 252, 2136, 442, 684, 2959, 3524, 1713, 2132, 187, 2136, 187, 1761, 2136, 2136, 2132, 614, 4403, 417, 2023, 3224, 2722, 2588, 1809, 614, 1713, 187, 3021, 2348, 1638, 2136, 2588, 61, 3372, 2588, 1767, 2588, 473, 2588, 2132, 252, 2234, 1809, 31, 4006, 2136, 252, 2132, 2136, 2136, 3893, 2476, 1191, 2898, 1112, 2132, 187, 0, 1213, 1458, 1168, 1761, 3327, 1458, 2756, 4611, 252, 3893, 2132, 3038, 1537, 2588, 252, 1981, 406, 2132, 5048, 2136, 1872, 1892, 3601, 1809, 473, 5041, 3773, 3537, 3537, 1761, 2703, 146, 1767, 3773, 614]"
179,"[254, 254, 1355, 1429, 254, 1691, 1872, 254, 254, 1429, 254, 254, 2519, 254, 254, 1872, 254, 3413, 1736, 383, 1786, 2226, 2422, 383, 254, 254, 1872, 254, 254, 2187, 254, 254, 1872, 254, 1913, 1872, 254, 254, 3073, 2230, 2447, 4611, 254, 254, 1786, 1736, 2049, 2447, 1872, 254, 254, 23, 254, 383, 1429, 254, 1872, 254, 2046, 254, 417, 5058, 2833]"
180,"[255, 862, 862, 1489, 1493, 1962, 862, 255, 255, 862, 95, 862, 255, 862, 255, 3681, 255, 862, 3752, 1707, 927, 3681, 255, 255, 862, 255, 862, 255, 862, 862, 255, 1682, 2048, 4136, 255, 862, 255, 862, 4268, 4136, 255, 862, 255, 862, 1027, 255, 862, 3839, 3681, 862, 255, 4136, 255, 1489, 4136, 4436, 862, 31, 255, 862, 255, 1027, 255, 862, 255, 255, 862, 862, 4136, 255, 4010, 862, 255, 862, 1027, 862, 4164, 255, 868, 102, 255, 255, 4589, 862, 3016, 862, 3681, 255, 1962, 255, 862, 95, 862, 862, 95, 255, 862, 862, 255, 4136, 255, 862, 255, 862, 255, 2048, 3972, 1682, 337, 255, 95, 4010, 1576, 862, 255, 862, 255, 2868, 862, 255, 255, 862, 95, 255, 862, 1015, 862, 95, 862, 38, 4136, 443, 862, 1489, 255, 862, 1962, 255, 862, 862, 255, 255, 862, 95, 4136, 255, 4136, 255, 255, 4136, 862, 255, 1962, 255, 2889, 862, 255, 3196, 4164, 2868, 255, 862, 255, 862, 862, 95, 862, 255, 862, 862, 4164, 3119, 255, 1714, 255, 3870, 862, 255, 862, 862, 2060, 255, 255, 862, 5053, 1211, 4365, 255, 95, 862, 38, 255, 255, 95, 2060, 95, 1962, 4164, 95, 1707, 4136, 255]"
181,"[256, 1543, 2188, 1075, 3348, 3000, 3836, 1123, 3837, 2510, 1778, 515, 2990, 20, 3189, 2702, 1024, 102, 3088, 3368, 2268, 617, 1744, 3189, 3702, 1386, 3270, 1791, 3189, 474, 3837, 3986, 61, 3372, 3189, 3189, 2437]"
182,"[257, 257, 335, 257, 257, 1170, 257, 335, 257, 257, 335, 257, 335, 257, 249, 257, 257, 335, 257, 335, 257, 257, 335, 257, 257, 363, 257, 257, 335, 257, 335, 257, 335, 257, 257, 335, 257, 257, 82, 335, 257, 335, 335, 82, 335, 335, 3432, 1622, 335, 335, 249, 335, 18, 335, 335, 372, 335, 2513, 442, 82, 335, 335, 82, 226, 335, 1950, 335, 335]"
183,"[259, 260, 358, 139, 83, 83, 358, 358, 1821, 1864, 1363, 1943, 1944, 1864, 2052, 83, 139, 1044, 259, 260, 83, 358, 1821, 139, 260, 2052, 358, 1821, 139, 2975, 2989, 1578, 83, 3379, 139, 83, 83, 139, 1044, 260, 259, 83, 358, 1821, 358, 1821, 3700, 3700, 3882, 358, 1821, 3882, 3882, 3871, 877, 3882, 83, 1044, 83, 358, 139, 83, 2989, 1044, 260, 3618, 139, 83, 259, 83, 1821, 139, 83, 139, 83, 1044, 260, 2052, 358, 139, 83, 23, 84, 83, 358, 1821, 1944, 1944, 1044, 1638, 83, 358, 139, 83, 139, 83, 1044, 259, 83, 358, 1821, 139, 4276, 2767, 1044, 83, 877, 2989, 4352, 259, 260, 83, 358, 358, 4049, 83, 4352, 260, 83, 2989, 4352, 358, 1821, 139, 83, 2989, 2149, 139, 328, 83, 2052, 358, 4442, 1943, 2410, 358, 1821, 4049, 83, 2989, 1044, 259, 260, 83, 358, 1821, 139, 83, 2989, 2989, 463, 83, 4049, 83, 2989, 1044, 4352, 259, 358, 1821, 139, 83, 2989, 139, 2989, 358, 83, 3882, 358, 1821, 139, 83, 2989, 1044, 4352, 260, 358, 1821, 139, 83, 2989, 1077, 84, 83, 1821, 358, 4589, 1944, 1943, 2200, 2410, 83, 4589, 3370, 1709, 617, 358, 1821, 139, 83, 1578, 208, 363, 598, 3618, 1821, 358, 2989, 1044, 3324, 259, 260, 139, 83, 2989, 260, 83, 139, 83, 2989, 4352, 260, 83, 139, 83, 139, 83, 2989, 1044, 260, 83, 3882, 358, 139, 83, 2989, 1044, 358, 83, 2989, 358, 1944, 4700, 358, 1821, 2989, 1044, 358, 83, 2989, 83, 358, 1821, 139, 83, 2989, 1044, 83, 358, 139, 83, 1015, 2293, 83, 358, 4750, 4750, 358, 1821, 1659, 3218, 1043, 358, 1043, 617, 3148, 83, 1944, 358, 4893, 1821, 4893, 5049, 1821, 358, 1821, 1043, 358, 83, 1043, 1821, 5078, 5079]"
184,"[262, 262, 1849, 262, 262, 20, 262, 3102, 860, 262, 262, 4386, 262, 262, 4386, 262, 262, 1849, 475, 3836, 262, 262]"
185,"[264, 266, 446, 1085, 1085, 1387, 1400, 1466, 1611, 1742, 1400, 1909, 1085, 266, 264, 266, 264, 1085, 266, 11, 264, 2814, 264, 3007, 1381, 1400, 3166, 1903, 3297, 1400, 3469, 264, 1387, 264, 266, 1909, 1387, 1085, 1742, 1400, 1426, 1742, 3166, 1426, 1445, 2017, 2017, 1400, 264, 1085, 1085, 2983, 1400, 1400, 1426, 264, 1085, 264, 266, 1085, 1387, 2480, 3698, 1400, 3166, 2984, 1085, 266, 1085, 1085, 266, 1085, 266, 4383, 264, 1909, 1816, 1904, 2371, 2749, 1742, 2984, 3264, 403, 557, 322, 1742, 474, 1075, 175, 2536, 23, 1085, 264, 1387, 266, 3563, 1909, 1400, 1387, 3397, 1387, 1085, 406, 1085, 266, 3166, 264, 1379, 1166, 3111, 1742, 4064, 1426, 1670, 1816, 2060, 4589, 2481, 1085, 264, 3166, 264, 61, 61, 264, 403, 1085, 264, 1778, 93, 2060, 4700, 93, 1426, 4700, 2249, 187, 1387, 1379, 264, 1379, 1909, 264, 947, 1085, 1379, 11, 264, 947, 1379, 1387, 3084, 459, 1742, 1426, 187, 3769, 4288, 1381, 1742, 93, 2984, 1754, 3115, 1742, 93, 1349, 3166, 3769, 1387, 1379, 93, 1387, 1085, 264, 820, 3397, 264, 1379, 93, 3166, 2481, 2646, 1742, 1379, 947, 1085, 264, 1387, 947, 908, 1085, 1387, 1379, 264, 947, 1085, 264, 1426, 4893, 4314, 820, 947, 1379, 5048, 1490, 187, 264, 1742, 187, 1085, 264, 1379, 1387, 264, 471, 1742, 264, 1379, 93, 2820, 61]"
186,"[265, 809, 947, 985, 985, 18, 1724, 1724, 265, 809, 265, 985, 226, 985, 809, 809, 3145, 1724, 2023, 3145, 809, 61, 61, 809, 3662, 324, 61, 809, 985, 265, 61, 265, 1203, 1724, 265, 985, 985, 2908, 2044, 3601, 1753, 1724, 61, 265, 985, 809, 2676, 1724, 61, 61, 809, 985, 265, 809, 265, 333, 1526, 324, 809, 265, 4085, 265, 809, 985, 2908, 809, 809, 265, 809, 809, 328, 1724, 1724, 809, 809, 2700, 324, 61, 61, 809, 328, 1724, 265, 1724, 61, 2628, 809, 4426, 3145, 1724, 3524, 2044, 3601, 224]"
187,"[269, 2516, 357, 249, 38, 3241, 20, 836, 1638, 2417, 309, 2678, 1343, 20, 1638, 2227, 2894, 328, 26, 3276, 1638, 557, 197, 2678, 3077, 3372, 1576, 3116, 3881, 4148, 1528, 3425, 3246, 2915, 515, 2851, 1537, 1717, 3356, 442, 515, 31, 557, 3281, 1812, 3276, 1817, 515, 3681, 3276]"
188,"[102, 843, 102, 843, 102, 102, 843, 102, 843, 843, 102, 102, 843, 102, 843, 843, 102, 102, 843, 1196, 1981, 102, 843, 102, 102, 843, 843, 102, 102, 843, 102, 102, 843, 102, 102, 843, 102, 843, 102, 102, 843, 102, 102, 843, 102, 102, 843, 102, 102, 843, 102, 843, 102, 102, 843, 102, 102, 843, 102, 843, 102, 4499, 843, 102, 102, 843, 102, 102, 843, 102, 843, 102, 102, 843, 102, 843, 102, 102, 2823, 102, 102, 3959, 102, 102, 843, 843, 102, 102, 843, 102, 3596, 3443, 843, 102, 102, 843, 843, 102, 843, 102, 843, 3959, 102, 102, 1737, 3959, 843, 102, 102, 843, 843, 102, 102, 843, 102, 102, 843, 102, 843]"
189,"[270, 849, 270, 849, 270, 270, 849, 849, 270, 270, 1487, 849, 270, 849, 849, 270, 849, 270, 849, 849, 738, 1362, 270, 849, 849, 270, 270, 4075, 141, 4142, 849, 270, 849, 849, 270, 849, 849, 270, 849, 849, 1637, 849, 849, 270, 849, 849, 270, 849, 849, 738, 2700, 849, 270, 849, 849, 270, 849, 849, 270, 849, 849, 1205, 849, 849, 61, 738, 738, 849, 849, 270, 849, 849, 738, 849, 2858, 849, 270, 270, 849]"
190,"[272, 1535, 2061, 272, 272, 1559, 272, 1559, 3827, 1559, 272, 1559, 3027, 324, 272, 3329, 2682, 324, 897, 272, 272, 1559, 897, 2178, 1559, 272, 272, 1559, 272, 324, 272, 1362, 272, 176, 1507, 272, 1559, 102, 1559, 272, 272, 1170, 2178, 1559, 3027, 272, 176, 272, 377, 1559, 272, 2997, 3827, 1559, 4952, 2585, 159]"
191,"[102, 1284, 1671, 1284, 1284, 1096, 102, 1284, 102, 3854, 2432, 102, 1284, 1284, 102, 102, 2432, 102, 2432, 1284, 102, 2432, 1284, 102, 2432, 1284, 102, 3939, 102, 102, 2432, 1284, 102, 2432, 1284, 1284, 102, 503, 102, 2432, 1284, 102, 2432, 102, 2432, 1284, 3939, 102, 2432, 102, 2432, 1284, 3959, 102, 1284, 1284, 102, 2432, 1284, 2432, 1284, 1284, 102, 1284, 102, 1284, 1284, 3959, 102, 2432, 1284, 102, 2432, 1284, 102, 2432, 1284, 102, 2432, 102, 102, 2432, 102, 102, 3568, 1950, 1096, 102, 102, 1284, 1096, 1284, 1096, 1284, 4402, 2432, 312, 1284, 2432, 488, 3959, 1284, 102, 2432, 2432, 3111, 102]"
192,"[275, 1173, 275, 76, 2297, 2239, 159, 275, 3871, 439, 1599, 20, 1531, 3486, 1531, 175, 102, 4059, 3213, 151, 61, 61, 1531, 1531, 2829, 1531, 1531, 2851, 1531, 1531, 1687, 1531, 1632]"
193,"[277, 31, 2865, 2865, 277, 3660, 2702, 384, 3183, 1820, 31, 3246, 3246, 664, 3080, 277, 31, 2702, 277, 2927, 170, 1576, 4289, 2277, 2096, 2005, 2702, 3590, 2865, 2702, 3628, 31, 3891, 277, 3891, 664, 3246, 4368, 2652, 1207, 277, 1077, 3324, 617, 2935, 1982, 277, 1464, 2001, 31, 384, 2927, 2927, 31, 3927, 1876, 277, 277, 1475, 324, 443, 2995, 4923, 1372, 4923, 4923, 3246, 3080, 4923, 2106, 3801, 4855, 762, 4923, 4923, 3286, 494, 4855, 1135, 2702, 4893, 185, 1325, 4923, 4923, 2645, 4923, 1135, 3790, 4923, 332, 31, 4923]"
194,"[278, 460, 278, 1685, 278, 278, 2829, 278, 278, 460, 1188, 278, 278, 3498, 278, 278, 3413, 2694, 278, 278, 2862, 2493, 3752, 278, 278, 1106, 278, 3752, 1863, 3146, 2714, 3752, 278, 3146, 1010, 1863, 3498, 4584, 3498, 3498, 278, 278, 1873, 3498, 1814, 3498, 278, 460, 278, 3146, 278, 3850, 1812, 4893, 4584, 278]"
195,"[279, 409, 447, 473, 645, 257, 226, 1231, 1274, 1389, 2505, 409, 447, 257, 473, 279, 2505, 409, 447, 226, 473, 226, 257, 409, 3086, 1389, 1782, 2505, 409, 447, 257, 226, 257, 226, 447, 3443, 279, 2505, 409, 409, 473, 473, 226, 447, 1274, 409, 3086, 1389, 3767, 1782, 155, 2505, 279, 1205, 2505, 447, 257, 2908, 279, 2505, 1274, 2505, 409, 279, 2505, 409, 447, 257, 226, 473, 4034, 1274, 2505, 409, 3086, 1389, 3767, 1782, 409, 2505, 409, 447, 257, 226, 473, 226, 447, 257, 2623, 226, 473, 257, 447, 1274, 2505, 447, 409, 447, 226, 3274, 2876, 155, 409, 3086, 1782, 2505, 1205, 1205, 409, 447, 257, 226, 473, 1274, 409, 447, 257, 226, 473, 226, 447, 409, 3086, 1389, 1782, 3767, 1782, 2505, 257, 409, 2505, 447, 257, 226, 473, 226, 1231, 257, 279, 1274, 155, 447, 257, 226, 473, 447, 2505, 447, 257, 226, 226, 1231, 257, 447, 279, 1231, 1274, 409, 2505, 2505, 257, 409, 447, 257, 226, 226, 1231, 257, 447, 409, 3086, 3767, 1782, 2505, 409, 447, 257, 473, 226, 409, 279, 2505, 409, 257, 226, 473, 257, 2505, 409, 257, 257, 447, 447, 409, 3086, 3767, 409, 257, 226, 226, 257, 257, 2505, 1274, 409, 447, 257, 4646, 3086, 1389, 3767, 1782, 1205, 2505, 2505, 409, 447, 257, 226, 257, 2505, 279, 447, 2505, 409, 447, 257, 226, 473, 473, 226, 1274, 2505, 3086, 1389, 3767, 1782, 226, 1231, 447, 409, 409, 447, 226, 4034, 226, 1231, 2505, 226, 1231, 447, 279, 409, 473, 257, 257, 2505, 409, 447, 257, 4646, 257, 2505, 447, 226, 4646, 473, 226, 1231, 447, 3086, 409, 2505, 279, 409, 2505, 409, 2505, 447, 257, 226, 473, 226, 1231, 447, 409, 2505, 447, 257, 226, 473, 257, 2505, 447, 226, 4034, 226, 447, 4646, 2876, 257, 2505, 1389, 3767, 2505, 409, 409, 447, 257, 226, 473, 4034, 226, 1231, 257, 447, 409, 2505, 2505, 409, 226, 473, 2505, 257, 226, 4646, 2505, 257, 3086, 1389, 1782, 447, 257, 226, 4646, 473, 1231, 257, 447, 2505, 409, 447, 226, 2505, 409, 447, 226, 257, 226, 4646, 473, 257, 447, 2505, 1274, 2505, 2505, 1205, 3086, 3767, 1782, 2505, 257, 226, 473, 409, 2505, 447, 257, 4646, 155, 2505, 409, 447, 257, 226, 473, 409, 257, 4646, 2505, 409, 447, 257, 473, 226, 1231, 257, 447, 409, 2505]"
196,"[120, 120, 1106, 1433, 1106, 2261, 1106, 1433, 1106, 1433, 3208, 3222, 3179, 3325, 1106, 1106, 1433, 2261, 1106, 1433, 3869, 3179, 1106, 1433, 2261, 3984, 1106, 1433, 3869, 3179, 1106, 1433, 3869, 3179, 1433, 3272, 1873, 1433, 2261, 2261, 1106, 1433, 1433, 3272, 1106, 2261, 3869, 1433, 2261, 3984, 2261, 1106, 1106, 1433, 3869, 3179, 4519, 2261, 1106, 4519, 2261, 3869, 1106, 1106, 1433, 3984, 3272, 1106, 1106, 1433, 1106, 1433, 3179, 1106, 3869, 3179, 2261, 3984, 3272, 3869, 3179, 1106, 3984, 3272, 1106, 1433, 1106, 3984, 1106, 4202, 3272, 4202, 2261, 1433, 1106, 2261, 3869, 3179, 1106, 1106, 4519, 1106, 2261, 1433, 3869, 3179, 1437, 2261, 3984, 3272, 3869, 20, 3179, 3869, 3869]"
197,"[280, 538, 289, 1392, 538, 538, 1392, 538, 2470, 280, 1385, 2732, 23, 676, 490, 538, 2732, 676, 676, 538, 2491, 538, 538, 3699, 676, 538, 3361, 23, 3462, 676, 538, 538, 280, 289, 91, 538, 538, 2687, 2687, 1392, 2210, 1880, 2687, 2687, 280, 2687, 676, 2687, 1392, 2687, 676, 3041, 2687, 676, 2687, 289, 2687, 1392, 676, 2687, 1392, 2687, 2687, 676, 1392, 2687, 676, 2687, 2687, 676, 676, 1392, 289, 2687, 2687, 1392, 2687, 2687, 2806, 23, 676, 2687, 2687, 490, 676, 1392, 2687, 676, 2721, 2687, 2687, 289, 490, 490, 2687, 2687, 676, 490, 2687, 280, 2806, 2687, 2687, 289, 2687, 676, 2687, 66, 280, 2687, 2687, 676, 676, 438, 2687, 3764, 676, 23, 2687, 2687, 23, 23, 2687, 2687, 23, 676, 4402, 2687, 151, 676, 676, 438, 2687, 2687, 490, 2687, 2687, 676, 23, 23, 1392, 2687, 2687, 280, 2687, 2687, 490]"
198,"[281, 54, 281, 281, 1864, 281, 527, 281, 176, 2192, 527, 321, 175, 2979, 2192, 1526, 281, 281, 527, 281, 3875, 281, 281, 321, 3947, 175, 2979, 3875, 3157, 321, 2979, 527, 281, 3875, 281, 527, 281, 3875, 281, 3157, 527, 321, 2979, 321, 2361, 281, 2841, 1262, 281, 3875, 281, 3157, 281, 281, 3875, 1980, 3157, 281, 3875, 281, 281, 3875, 281, 281, 3875, 572, 2154, 281, 3875, 2361, 1262, 281, 4147, 281, 3875, 281, 281, 3875, 3157, 1477, 2154, 2725, 3875, 281, 3875, 281, 281, 3875, 281, 3157, 2154, 281, 1262, 3875, 2725, 2725, 2154]"
199,"[283, 459, 971, 1459, 1902, 1986, 151, 2320, 253, 1986, 1197, 2736, 2648, 2198, 2961, 61, 406, 2198, 1986, 3449, 2198, 1986, 2481, 249, 360, 2198, 971, 207, 249, 2430, 3195, 1986, 1986, 249, 471, 2198, 2743, 1986, 4457, 4457, 283, 2477, 2198, 541, 1986, 229, 1986, 4059, 4429, 1475, 66, 2198, 66, 1986, 2198]"
200,"[284, 284, 2047, 2480, 1981, 1921, 1925, 406, 406, 3681, 4417, 2451, 284, 284, 324, 284, 3223, 284, 1568, 2047, 284, 1733, 284, 284, 3223, 1576, 1659, 284, 284, 2521, 1968, 2688, 284, 284, 1968, 284, 284, 1039, 284, 3363, 284, 284, 2669, 284]"
201,"[285, 557, 783, 867, 969, 1372, 2075, 783, 867, 969, 1601, 2075, 783, 867, 3019, 783, 867, 2075, 783, 969, 783, 969, 2038, 43, 783, 783, 102, 2749, 2075, 783, 783, 43, 783, 783, 2075, 783, 1372, 1921, 1797, 783, 783, 969, 2862, 2075, 783, 969, 2290, 783, 3729, 969, 43, 783, 969, 783, 1372, 3111, 482, 102, 969, 783, 783, 1372, 334, 783, 2876, 783, 1372, 783, 783, 969, 783, 3729, 1475, 23, 2075, 783, 3199, 969, 783, 783, 3199, 1282, 783, 783, 969, 783, 3329, 3519, 783, 1372, 1743, 783, 969, 783, 969, 783, 1961, 783, 2212, 2728, 1372, 783, 969, 3329, 1282, 783, 1746, 783, 969, 783, 969, 783, 783, 969, 1282, 783, 349, 2336, 4016, 1372, 2149, 2682, 3329, 783, 969, 2290, 969, 1925, 1018, 969, 1372, 4489, 1925, 783, 2834, 783, 1024, 2114, 969, 1372, 969]"
202,"[286, 1915, 1915, 1591, 1183, 286, 1915, 286, 286, 176, 1183, 1183, 286, 286, 1915, 286, 286, 1591, 286, 1915, 286, 1183, 4050, 1591, 343, 286, 286, 1915, 286, 1915, 286, 176, 4050, 286, 343, 286, 176, 1183, 4679, 343, 1183, 176, 159, 1527, 286, 4679, 286, 159, 286, 286, 644, 286, 3285, 286]"
203,"[287, 287, 3030, 3225, 3228, 287, 287, 3225, 3228, 3030, 3225, 3673, 2873, 3079, 3228, 3760, 4457, 1781, 364, 3030, 287, 3030, 18, 3228, 1030, 3228, 287, 3030, 3030, 3228, 1773, 3030, 3228, 3030, 3228, 287, 1773, 3030, 3228, 2478, 3228, 3355, 3228, 3355, 3225, 3030, 3228, 3355, 2890, 3030, 3030, 2990, 3225, 3228, 3030, 3030, 3228, 3355, 3030]"
204,"[288, 1036, 1100, 288, 1512, 1555, 288, 968, 2461, 1036, 2461, 2556, 2795, 2461, 2461, 288, 1750, 2795, 2461, 2461, 2795, 2461, 3071, 2461, 288, 2795, 288, 3325, 61, 61, 897, 2461, 2795, 2461, 3325, 4052, 1036, 2795, 2461, 2461, 2795, 1892, 3599, 692, 175, 4042, 288, 2795, 4052, 3533, 2795, 3325, 4052, 3218, 2795, 2795, 2461, 2795, 2795, 2461, 4052, 1638, 1036, 2461, 1680, 2795, 2795, 2461, 2795, 2461, 1204, 3820, 2795, 2461, 1576, 2795, 4775, 1593, 2795, 2461, 288, 2461, 224, 1659, 3820, 2795, 288, 2461, 3174, 2795, 2795, 1531, 4052, 1923, 2795, 2795, 3820, 1926, 1240, 1892, 3174, 2471]"
205,"[289, 990, 1273, 990, 102, 1445, 2022, 1273, 990, 2022, 2346, 2346, 2619, 2022, 990, 990, 2022, 3177, 2022, 2346, 2022, 2587, 990, 1273, 990, 289, 134, 2022, 990, 2022, 990, 1456, 3692, 2022, 2346, 990, 2669, 2484, 990, 950, 990, 2022, 990, 3797, 1488, 2022, 1520, 1112, 2164, 990, 2022, 2346, 990, 990, 4238, 2047, 293, 289, 1273, 990, 990, 2022, 375, 375, 4407, 2326, 2626, 3218, 3020, 134, 3148, 3312, 175, 559, 249, 3146, 990, 23, 4242, 990, 990, 102, 3077, 2346, 4534, 990, 1912, 1273, 2619, 3148, 134, 4598, 4542, 2119, 3254, 990, 1484, 990, 2346, 4383, 990, 1273, 990, 334, 443, 1912, 990, 1273, 990, 4407, 1273, 990, 456, 4754, 2041, 990, 2346, 1273, 515, 990, 2524, 990, 990, 2346, 990, 2346, 2346, 990, 2484, 771, 990, 990, 2477, 3224, 990, 990, 2119, 3299, 2346, 2346, 1273, 990, 990, 2346, 990, 990, 1776, 2346, 2346, 1273, 990, 36, 1912, 1720, 1671, 990]"
206,"[290, 291, 1741, 290, 1741, 290, 1741, 1741, 290, 1741, 3089, 291, 290, 3000, 3675, 1741, 290, 2379, 1545, 1741, 290, 1741, 290, 291, 1741, 291, 291, 290, 1741, 3681, 291, 291, 3839, 290, 1741, 1741, 291, 1964, 290, 3839, 1741, 291, 3839, 290, 291, 290, 290, 3681, 1741, 1741, 290, 1741, 290, 290, 1741, 1741, 3681, 290, 1741, 416, 1741, 290, 1741, 3467, 151, 3839, 1741, 290, 1741, 4554, 3839, 1741, 1741, 3681, 3681, 290, 1741, 290, 1741, 3681, 290, 290, 1741, 290, 290, 291, 290, 1741, 290, 1741, 290, 290, 291, 290, 1741, 1741, 290, 291, 290, 1741, 1741, 290, 1741, 1741, 290, 1741, 1741, 3870, 290, 1741, 1741, 290, 1741, 290, 290, 1741, 290, 290, 1741, 290, 1741, 290]"
207,"[292, 292, 1737, 292, 1600, 292, 1475, 292, 1576, 292, 292, 13, 981, 292, 292, 4307, 292, 292, 256, 292, 292, 62, 292, 256, 13, 981, 4805, 1873, 292, 292, 4123, 3135, 292, 292, 3026, 292, 292, 1537, 292, 3850, 292, 292, 4893, 574, 3482, 292, 1576, 31]"
208,"[293, 2305, 102, 102, 1707, 61, 61, 3277, 2626, 102, 1211, 2305, 1317, 102, 2035, 1197, 3980, 226, 102, 664, 1350, 102, 226, 2335, 226, 1707, 406, 4116, 4116, 1737, 4116, 1325, 1870, 226, 4168, 2241, 170, 226, 102, 102, 3277, 2053, 170]"
209,"[294, 296, 298, 316, 317, 294, 316, 317, 3405, 294, 296, 316, 317, 3405, 296, 294, 294, 3544, 3405, 316, 3560, 3560, 296, 296, 294, 316, 317, 3405, 294, 296, 2598, 324, 1293, 294, 294, 317, 316, 316, 317, 3560, 296, 294, 317, 3405, 316, 3544, 3544, 317, 316, 3405, 296, 294, 3544, 316, 3405, 3544, 296, 294, 294, 296, 296, 3544, 3544, 296, 294, 316, 317, 3405, 3544, 3544, 316, 3405, 317, 294, 3544, 3544, 294, 296, 3544, 3544, 317, 294, 296, 317, 316, 3405, 296, 294, 3544, 3544, 296, 294, 296, 294, 3544, 316, 324, 296, 294, 296, 294, 294, 296, 3544, 3544, 294, 3405, 317, 3544, 296, 294, 296, 294, 317, 3405, 316, 294, 296, 294, 316, 324, 324, 3560, 249, 324, 324, 317, 2278, 324, 324, 2278, 3981, 1322, 151, 324, 5006, 5010, 5006, 3560, 5006, 5006, 3560, 5010, 5010, 5006, 5006, 3560, 5006, 5010, 5010, 5006, 3560, 5006, 5010, 5006, 5010, 324, 5006, 5010, 5006, 5010, 5006, 5010, 5006, 5006, 5010, 5006, 3981, 5010, 5010, 5006, 5010, 5006]"
210,"[302, 477, 1864, 302, 1295, 2421, 477, 1295, 2421, 477, 477, 3229, 3392, 3392, 477, 2421, 3392, 1295, 2421, 572, 477, 3392, 2421, 477, 3392, 477, 302, 477, 3392, 477, 3392, 477, 3392, 2421, 477, 3158, 3392, 477, 3392, 3392, 302, 2377, 477, 3229, 4109, 3158, 2421, 3392, 3392, 4109, 477, 3392, 1295, 2421, 3392, 2421, 3392, 1295, 2421, 477, 2421, 3158, 3392, 1262, 477, 4440, 1170, 3392, 3158, 477, 2421, 477, 477, 3392, 2421, 3392, 2421, 477, 3392, 2421, 477, 3392, 3392, 477, 3392, 1295, 2421, 3158, 477, 3158, 477, 1295, 169, 3229, 477, 2421, 477, 2421, 3392, 477, 3158, 3392, 3392, 2421, 4109, 3392, 4109, 4109, 3392, 2421, 3392, 4741, 4741, 4109, 2421, 1262, 4741, 1262, 4440, 3392, 4741, 3158, 4741, 3392, 2421, 4741, 302, 2421, 3392, 4741, 3392, 3158, 176, 4109, 3229, 4741, 4440, 2421, 3392, 4440, 3392, 2421, 3392, 1262, 3392, 4741, 3392, 1262, 4741, 4741, 5045, 4440, 1585, 4741, 5048, 4741, 1295, 4741, 1262, 5045, 5045, 3392, 2421, 5068, 5068, 4440, 3392, 2421, 302, 3158, 5068, 1262, 3392]"
211,"[304, 324, 1289, 2080, 304, 1289, 324, 324, 304, 304, 1289, 3061, 2080, 324, 1289, 304, 2080, 1289, 324, 1289, 1289, 3061, 324, 1289, 324, 1289, 1289, 324, 1289, 1289, 324, 2080, 304, 304, 324, 36, 324, 304, 324, 324, 1289, 304, 1585, 1289, 324, 257, 3419, 36, 324, 1289, 304, 1289, 2080, 2080, 304, 2080, 1289, 3061, 1289, 331, 23, 2080, 304, 324, 1289, 304, 2080, 1289, 2080, 324, 1289, 304, 2080, 2080, 4141, 1585, 2080, 304, 324, 1289, 304, 2080, 304, 324, 2080, 2080, 1289, 3061, 324, 304, 2080, 304, 2080, 1289, 304, 304, 324, 1289, 1289, 304, 2080, 304, 2080, 2080, 304, 1289, 324, 1803, 324, 2080, 2080, 304, 1289, 2080, 304, 324, 1289, 324, 1289, 2080, 2080, 304, 324, 1289, 2080, 324, 1289, 324, 304, 2080, 1289, 324, 324, 649, 2080, 1289, 2080, 2361, 226, 2091, 1289, 226, 2091, 1289, 226, 1289, 649, 324, 324, 1289]"
212,"[305, 333, 847, 151, 1714, 2811, 2811, 1170, 1639, 3357, 847, 847, 305, 333, 527, 847, 847, 3357, 847, 305, 333, 847, 847, 1639, 305, 333, 527, 2811, 847, 847, 305, 333, 2811, 305, 333, 847, 2811, 3357, 333, 527, 410, 2811, 847, 3191, 2811, 305, 3357, 847, 847, 3276, 3357, 78, 847, 847, 2811, 3357, 847, 847, 2811, 847, 2811, 2811, 3357, 3357, 847, 847, 380, 2811, 847, 847, 343, 2811, 61, 3658, 61, 325, 2811, 847, 61, 847, 82, 3357, 2811, 325, 2811, 847, 3357, 2811, 847, 847]"
213,"[308, 516, 541, 410, 3410, 3410, 275, 3930, 3410, 309, 3410, 3410, 309, 3410, 3410, 275, 3410, 3410, 2888, 1790, 309, 3410, 3410, 3930, 3410, 3930, 494, 832, 3930, 333, 3930, 3930, 1627, 1790, 3018, 2065, 3930, 3930, 4826, 3930, 4826, 3930, 494, 2888, 1690, 4826, 78, 3238, 1690, 4826, 4826, 1690, 4826, 4826]"
214,"[310, 385, 574, 310, 151, 312, 1646, 310, 310, 2506, 310, 2506, 378, 2762, 2551, 310, 3390, 2218, 151, 1202, 76, 310, 310, 2506, 2506, 310, 2673, 3881, 310, 3937, 2506, 310, 310, 3881, 4017, 151, 1020, 363, 1670, 2180, 310, 312, 442, 1578, 310, 310, 76, 310, 310, 2506, 442, 312, 310, 151, 76, 310, 310, 3322, 310, 3881, 1578, 2492, 763, 3291, 3462, 1578, 310, 406, 310, 1635, 1385, 310, 574, 234, 3597, 1385, 1578, 1578, 3597, 310, 310, 1578, 310, 1573, 2506, 1041]"
215,"[311, 20, 2386, 1319, 1458, 61, 2386, 2702, 1458, 18, 1198, 3776, 3848, 1458, 1458, 2386, 1736, 1458, 1458, 3296, 3068, 2386, 2386, 1458, 2386, 1671, 1659, 61, 1458, 1458, 2386, 2386, 2481, 2386, 2386, 61, 2386, 3038, 2386, 3679, 2702, 1820, 1458, 2702, 1923, 1458, 1458, 2386, 4688, 2386, 2386, 1458, 1458, 2386]"
216,"[313, 2050, 313, 844, 3631, 313, 1930, 313, 844, 3915, 844, 313, 313, 3631, 3631, 844, 313, 3631, 3631, 743, 313, 844, 897, 61, 3631, 844, 844, 2051, 2051, 1930, 4607, 3631, 313, 3631, 313, 3489, 3631, 844, 3631, 1948, 4607, 4607, 844, 3845, 3631, 313, 3631, 844, 844, 313, 3915, 2051, 2980, 3631, 844, 844, 3631, 3631, 844, 3631, 3631, 313, 3631]"
217,"[315, 329, 355, 329, 315, 769, 777, 801, 801, 324, 355, 355, 329, 315, 769, 2079, 801, 18, 793, 315, 329, 355, 355, 23, 793, 355, 329, 315, 769, 777, 801, 329, 315, 769, 801, 2624, 355, 329, 2181, 329, 355, 329, 355, 439, 801, 329, 315, 769, 777, 801, 315, 329, 355, 769, 801, 801, 793, 329, 329, 355, 329, 315, 769, 801, 801, 615, 315, 329, 355, 329, 793, 769, 2079, 3244, 315, 329, 355, 329, 315, 315, 801, 315, 329, 329, 315, 769, 801, 355, 329, 315, 801, 315, 355, 329, 315, 769, 801, 329, 315, 329, 329, 769, 801, 324, 355, 329, 315, 801, 315, 355, 329, 315, 769, 801, 615, 355, 329, 315, 769, 315, 2181, 329, 329, 315, 801, 3877, 315, 355, 3184, 329, 355, 329, 801, 355, 329, 315, 777, 801, 18, 315, 355, 329, 3947, 84, 801, 324, 333, 324, 801, 315, 329, 355, 801, 3104, 329, 769, 791, 801, 3244, 329, 355, 355, 329, 1237, 769, 801, 329, 315, 769, 801, 329, 315, 3947, 801, 1237, 329, 329, 793, 801, 18, 315, 329, 355, 329, 315, 777, 2079, 801, 329, 329, 315, 777, 801, 257, 315, 329, 355, 329, 315, 777, 801, 329, 329, 1237, 769, 801, 257, 801, 315, 329, 329, 1237, 329, 315, 1237, 615, 769, 2079, 801, 329, 3436, 329, 769, 2079, 315, 329, 355, 329, 315, 769, 801]"
218,"[23, 23, 690, 23, 23, 1370, 1378, 23, 23, 84, 23, 23, 690, 23, 23, 690, 23, 23, 26, 23, 23, 84, 3406, 23, 23, 690, 23, 23, 3324, 26, 23, 23, 1370, 23, 611, 23, 23, 4399, 23, 18, 23, 23, 1374, 26, 23, 23, 3832, 26, 23, 23, 18, 23, 23, 18, 23, 23, 26, 23, 23, 1075, 23, 23, 18, 23, 23, 3406, 23, 4242, 23, 3324, 23, 23, 26, 23, 23, 1590, 23, 23, 1378, 23, 1659, 23, 4064, 23, 328, 23, 23, 26, 23, 23, 4064, 23, 1349, 23, 26, 23, 23, 4064, 23, 23, 324, 23, 4064, 23, 23, 4064, 23, 1349, 23, 26, 23, 23, 1659, 23, 23, 4064, 23, 4064, 1370, 1484, 23, 4064, 4064, 23, 4064, 18, 4064, 23, 23, 4064, 23, 18, 23, 3268, 23, 1110, 23, 23, 4064, 23, 23, 4064, 3268, 23, 4064, 23, 23, 4064, 1378, 23, 23, 4064, 23, 4064, 23, 23, 4064, 23, 3406, 23, 4064, 23, 4064, 1012, 23, 23, 4064, 3268, 23, 4064, 23, 23, 4064, 23, 23, 4064, 23, 23, 4064, 23, 23, 4064, 4064, 23, 4064, 23, 23, 4064, 23, 4064, 23, 1378, 23, 23, 1378, 23, 23, 4064, 23, 23]"
219,"[318, 318, 3048, 3473, 3473, 3843, 3473, 1018, 3473, 1807, 3473, 3473, 1018, 3508, 3473, 318, 2851, 3473, 3473, 2489, 1018, 3473, 3473, 3538, 318, 2539, 318, 318, 3473, 318, 318, 2481, 3048, 318, 1659, 3473, 3473, 2001, 3473, 2001, 1018, 3473, 499, 557, 318, 3473, 318, 3666, 2919, 3048, 3444, 3473, 1018, 3473, 4057, 318, 4893, 4611, 2437, 2933, 3473, 3048, 3473, 3473]"
220,"[319, 319, 1202, 322, 130, 422, 2252, 3409, 1779, 3774, 1731, 256, 84, 3272, 1614, 1576, 2440, 2422, 1475, 2762, 1572, 134, 986, 986, 2481, 2241, 1537, 3361, 130, 986, 130, 986, 76, 986, 319, 4383, 986, 319, 1346, 3068, 4383, 3516, 986, 3361, 2500, 1705, 986, 986, 1712, 1752, 470, 986, 986, 339, 76, 4028, 986, 1346, 3977, 1537, 4264, 3147, 532, 319, 986, 3732, 4090, 986, 470, 1381, 2422, 3104, 986, 986, 406]"
221,"[320, 891, 324, 324, 891, 2476, 324, 891, 2703, 2828, 324, 320, 3135, 3147, 2676, 1787, 324, 891, 3408, 324, 891, 891, 1803, 324, 1576, 324, 891, 2851, 1803, 891, 3763, 324, 1912, 324, 891, 1803, 320, 324, 324, 2621, 891, 891, 3056, 891, 324, 324, 891, 324, 324, 891, 891, 324, 891, 3251, 891, 2621, 2828, 324, 891, 891, 2714, 320, 3447, 891, 891, 320, 3788, 891, 3187, 463, 2676, 3973, 559, 4489, 891, 2621, 891, 1979, 891, 1215, 891, 891, 4006, 324, 891, 891, 3790, 891, 3251, 891, 267, 1787, 891, 267, 891, 4145, 1589, 2326, 3607, 2851, 891, 891, 324, 324, 891, 891, 3408, 891, 1966, 891, 267, 891, 2982, 891, 4154, 1215, 891, 3722, 891, 4014, 267, 891, 891, 1154, 2652, 3512, 891, 891, 324, 2621, 3324, 891, 1012, 320, 267, 324, 891, 1966, 3517, 2564, 1680, 891, 320, 3528, 891, 267, 2925, 2570, 3143, 324, 891, 2621, 891, 1925, 267, 1215, 2217, 2621, 324]"
222,"[322, 503, 1018, 1785, 3788, 3797, 249, 1785, 2395, 1785, 488, 2480, 1750, 1990, 1785, 3194, 151, 2862, 2290, 1750, 1659, 2469, 2481, 2395, 2395, 4611, 3797, 344, 536, 2395, 1785, 3797, 1925, 3213, 1750, 3797, 2280, 474, 1785, 2469, 3670, 1785, 3797, 1785, 1785, 2395, 1785, 2280, 102, 1785, 1018, 1771, 1785]"
223,"[324, 821, 537, 1202, 2400, 2400, 2790, 2196, 1981, 2790, 2196, 3122, 2790, 3300, 1534, 848, 2883, 848, 369, 2500, 1711, 1711, 1740, 2790, 2790, 821, 2400, 28, 1534, 991, 2614, 2790, 2400, 3954, 26, 1762, 1749, 18, 2400, 2400, 2196, 2400, 991, 1767, 2373, 3248, 1754, 2883, 28, 4028, 4539, 1729, 4539, 763, 1767, 3143, 1752, 1914, 4028, 4539, 2400, 2196, 2241, 1950, 82, 4539, 2577, 2400, 1767, 4028, 4135, 1740, 3120, 3294, 4539, 821, 1555, 2905, 3364, 3404, 2373, 3290, 3294, 3622, 2690, 4291, 1563, 26, 4757, 2540, 1767, 4757, 1981, 256, 2878, 4028, 4757, 2196, 1534, 1749, 3140, 4757, 4539, 4028, 1075, 2196, 1339, 2400, 2552, 4135, 2152, 3294, 3404, 4539, 2196, 1563, 2883, 4541, 2196, 1816, 3120, 831, 1816, 312, 442, 2644, 1534, 2384, 763, 1981, 324, 3322, 2400, 1145, 4757, 3511, 2400, 3511, 4757, 2400, 2152, 3832, 4893, 4855, 1379, 333, 4797, 2400, 848, 3511, 2152, 4539, 1977, 4757, 3511, 3511, 2196, 1975, 3511, 4097, 3094, 2480, 3246, 3511, 3511, 1981, 3511]"
224,"[325, 2256, 3874, 3874, 4656, 4656, 3874, 4656, 2256, 4656, 4656, 3244, 82, 3704, 4656, 4656, 3874, 4656, 4656, 3874, 4656, 4656]"
225,"[324, 36, 443, 1078, 1078, 324, 2216, 2216, 1911, 324, 1156, 1078, 2623, 2623, 2687, 1078, 324, 1078, 324, 2586, 2586, 2216, 1911, 1078, 2687, 1015, 2586, 2216, 1078, 1034, 69, 598, 3000, 1078, 2687, 159, 1911, 1078, 69, 2623, 324, 2623, 2216, 1389, 4228, 324, 2586, 2586, 2216, 1398, 2216, 1911, 649, 324, 4289, 3199, 324, 2586, 2586, 2216, 2623, 2623, 2368, 4228, 598, 4228, 1078, 2687, 249, 2586, 2216, 2586, 2216, 955, 2586, 1911, 649, 2687, 1078, 4228, 4209, 2586, 94, 257, 2216, 159, 3553, 2216, 1911, 649, 138, 4228, 4589, 4228, 2216, 4228, 598, 2216, 2216, 324, 4228, 2687, 598, 4228, 1911, 4228, 4228, 2623, 102, 1078, 2216, 2623, 2586, 4801, 1911, 1950, 82, 406, 4228, 2216, 2216, 4228, 324, 4228, 598, 1639, 4228, 4228, 1911, 2241, 4228, 2230, 2230, 406, 2706, 2216, 324, 403, 5079]"
226,"[326, 326, 471, 326, 326, 550, 326, 623, 663, 663, 326, 1199, 326, 1199, 326, 326, 1199, 1199, 663, 623, 1199, 550, 326, 326, 1199, 623, 550, 623, 1199, 1199, 663, 326, 1199, 623, 1199, 326, 550, 1199, 326, 1199, 326, 1199, 326, 326, 550, 663, 663, 326, 1199, 326, 663, 2929, 623, 550, 208, 2953, 326, 1199, 2929, 623, 550, 663, 326, 1199, 2929, 623, 663, 326, 2929, 1199, 550, 326, 1199, 2929, 623, 663, 550, 326, 326, 1199, 623, 550, 663, 326, 1199, 2929, 663, 623, 550, 326, 326, 1199, 2929, 663, 623, 550, 326, 326, 2929, 1199, 663, 623, 550, 326, 326, 1199, 2929, 663, 623, 550, 326, 326, 2929, 663, 623, 550, 1199, 2929, 663, 623, 550, 326, 2929, 1199, 663, 623, 550, 326, 326, 663, 2929, 1199, 550, 326, 2929, 663, 623, 550, 663, 326, 1199, 1199, 2929, 663, 326, 1199, 2929, 623, 1199, 2929, 326, 1199, 663, 2929, 623, 326, 1199, 550, 550, 1199, 2929, 663, 2929, 2929, 326, 1199, 4360, 326, 2929, 623, 4360, 326, 1199, 1199, 4360, 4360, 326, 4360, 1199, 471, 623, 326, 1199, 2929, 4429, 4360, 4429, 1199, 4360, 4429, 2929, 1199, 4360, 623, 4429, 1199, 2929, 623, 623, 4429, 4429, 2929, 4360, 623, 1199, 623, 623, 2929, 623, 1199, 4429, 1199, 4429, 2929, 4429, 4360, 4360, 4429, 1199, 4429, 1199, 4360, 1199, 623, 2929, 4429, 4360, 4360, 4429, 1199, 623, 4429, 1199, 4429, 1199, 623, 4429, 1199, 2929, 326, 2929, 623, 4429, 1199, 2929, 4360, 4429, 1199, 326, 2929, 623, 550, 4429, 2929, 1199, 4360, 623, 550, 4429, 1199, 2929, 4360, 623, 550, 4429, 1199, 2929, 4360, 623, 550, 2929, 4360, 623, 550, 1199, 2929, 623, 550, 4429, 4429, 1199, 2929, 4360, 623, 550, 4429, 2929, 4360, 4429, 4429, 1199, 2929, 4360, 623, 550, 4429, 1199, 2929, 4360, 550, 4429, 4429, 2929, 1199, 4360, 550, 4429, 4360, 1199, 623, 550, 550, 4429, 2929, 4360, 550, 4429, 4429, 1199, 623, 550, 3058, 3497, 4429, 4429, 1199, 1199, 4360, 623, 550, 4429, 1199, 1199, 623, 550, 4429, 4360, 550, 4429, 4360, 550, 550, 4429, 4429, 4360, 550, 326, 1199, 3372, 2929, 4360, 550, 550, 326, 1199, 4360, 623, 550, 326, 1199, 623, 550, 3372, 326, 623, 4360, 550, 4429, 1199, 4360, 550, 326, 1199, 4360, 550, 326, 1199, 4360, 623, 550, 326, 1199, 4360, 550, 326, 1199, 3372, 623, 550, 326, 550, 4360, 1199, 623, 623, 326, 326, 1199, 1199, 663, 550, 623, 623, 550, 550, 1199, 326, 1199, 1199, 326, 4360, 326, 1199, 4360, 326, 1199, 4360, 550, 326, 1199, 4360, 550, 326, 4360, 550, 550, 326, 326, 1199, 550, 326, 1199, 326, 663, 326, 1199, 550, 4429, 471, 4360, 4360, 550, 326, 471, 550, 326, 1199, 4360, 550, 1199, 4360, 550, 4360, 550, 326, 326, 1199, 4360, 550, 326, 1199, 4360]"
227,"[327, 982, 1083, 982, 1225, 1228, 982, 1240, 1352, 982, 982, 1225, 1228, 982, 327, 1849, 1225, 295, 2242, 2450, 982, 1240, 2450, 2906, 982, 2450, 1228, 982, 1352, 2990, 2906, 2906, 2450, 1225, 982, 1352, 327, 982, 2450, 1228, 2450, 1225, 982, 327, 1225, 982, 327, 1352, 327, 1225, 982, 327, 1240, 83, 327, 3522, 327, 2450, 327, 3522, 1849, 327, 982, 1225, 982, 327, 1352, 3647, 1352, 327, 982, 2450, 1225, 982, 1352, 2450, 1240, 1240, 2450, 1225, 982, 327, 327, 1225, 982, 327, 1240, 2450, 982, 1240, 1352, 982, 982, 327, 3522, 982, 1225, 2450, 982, 327, 327, 3522, 3522, 3536, 1352, 1240, 1225, 982, 327, 1240, 327, 1240, 1352, 982, 2450, 1225, 982, 2450, 982, 982, 1225, 2450, 982, 982, 3522, 2450, 1225, 982, 1240, 982, 2450, 1225, 982, 327, 1240, 327, 982, 2450, 1225, 982, 327, 1240, 1240, 327, 3522, 327, 2450, 982, 327, 1240, 1240, 2668, 327, 3522, 327, 982, 2450, 1225, 982, 327, 1352, 2990, 982, 2450, 2450, 1225, 982, 327, 66, 327, 1849, 3522, 2450, 982, 327, 1352, 327, 3522, 327, 982, 2450, 2450, 327, 3522, 327, 982, 2450, 982, 2450, 982, 327, 982, 1240, 2450, 982, 327, 982, 2450, 327, 982, 982, 327, 1849, 3522, 27, 3516, 2990, 982, 982, 1240, 1352, 982, 2450, 327, 1240, 1849, 982, 2450, 2052, 1240, 982, 3522, 1240, 982, 3341, 3522, 327, 2189, 982, 1352, 1849, 982, 3522, 1849, 1352, 1849, 3522, 982, 2450, 2450, 982, 4785, 4785, 2450, 4785, 2176, 4785, 1352, 982, 4785, 982, 982, 3522, 982, 327, 3522, 982, 4785, 982, 2450, 982, 3522, 2450, 982, 4785, 982, 1849, 3522, 2450, 982, 4785, 1202, 1104, 2645, 4785, 83, 982, 2227, 3522, 2450, 3522, 2933, 2450, 4785, 982, 3522, 551, 4785, 3618, 2176, 4785, 3522, 982, 4785, 982, 982, 2450, 3522, 327, 1943, 3522, 2450, 3522, 3590, 2450, 3522, 3522, 982, 982, 2450, 982, 3522, 982, 2450, 982, 2450, 2450, 982, 1352, 3522, 982, 138, 982, 2450, 138, 982, 138, 2450, 982, 2437, 2450, 982, 982, 3522, 1849, 2450, 38, 982, 1849]"
228,"[328, 798, 1147, 1427, 1538, 798, 446, 1656, 2873, 798, 1451, 1075, 23, 3328, 798, 798, 3104, 798, 1656, 1729, 3860, 798, 798, 26, 328, 798, 1659, 2427, 3276, 798, 798, 3580, 798, 4242, 798, 798, 1759, 446, 2913, 798, 1456, 798, 798, 2477, 3224, 798, 798, 61, 61, 798, 1427, 798, 798, 4100, 798, 798, 1475, 798, 798, 4042, 1729, 798, 798, 328, 798, 798, 3877, 3099, 798, 1035, 798, 798, 1381, 3681, 798, 2290, 1381, 2542, 4598, 798, 798, 4554, 798, 1147, 798, 1589, 798, 798, 1925, 324, 5053, 798, 798, 1750, 798, 4009]"
229,"[332, 2570, 3077, 1691, 31, 1576, 31, 4263, 4263, 363, 4263, 4263, 31, 31, 4263, 4263, 31, 4263, 31, 761, 1691, 31, 102, 4116, 4263, 324, 31, 31, 4263, 31, 4263, 3142, 31, 31, 3142, 4263, 3077, 31, 31, 4971, 2736, 1276, 4263, 31, 4263, 31, 31, 4263, 31, 3681, 31, 31, 442, 1797, 4263]"
230,"[334, 369, 1812, 1864, 2726, 369, 3114, 1170, 2915, 3856, 1158, 2284, 4016, 1487, 2923, 2354, 3670, 1812, 26, 285, 1893, 1173, 4120, 3977, 3276, 3436, 3670, 2284, 406, 2971, 4348, 1982, 3013, 4893, 5048, 3900, 3824, 1785]"
231,"[335, 490, 676, 335, 1189, 676, 676, 335, 757, 2024, 335, 2369, 335, 443, 2369, 335, 1762, 1762, 757, 757, 676, 3340, 335, 676, 335, 3531, 2369, 335, 3262, 3855, 757, 2369, 676, 335, 1638, 1392, 676, 2369, 1762, 757, 1918, 3792, 335, 335, 2369, 1762, 335, 4229, 4229, 1979, 3905, 335, 335, 443, 335, 335, 3194, 2816, 3218, 1466, 335, 1158, 4463, 4572, 61, 61, 335, 383, 757, 676, 4463, 4572, 4572, 2369, 335, 335, 339, 3098, 337, 4463, 4572, 4700, 4572, 676, 335, 3194, 4572, 2369, 335, 337, 4233, 3194, 383, 335, 3742, 1158, 335, 335, 2369, 676, 490, 4229, 406, 335, 335, 676, 3073, 676, 335, 3266, 335, 4463, 4572, 61, 3344, 676, 335, 3442, 1168, 1979, 676, 324, 4572, 4572, 335, 337, 335, 335, 2369, 711, 2676, 335, 3262, 3698, 335, 335, 676, 2369, 4089, 2897, 1907, 2369, 4463, 4506, 4506, 676, 4506, 1077, 676, 3855, 3187, 676, 2695, 676, 2334, 1745]"
232,"[320, 891, 999, 891, 1464, 1484, 1528, 1735, 1820, 891, 891, 2621, 2828, 320, 3152, 1018, 319, 891, 891, 1803, 891, 1576, 3622, 891, 1526, 61, 891, 891, 2275, 3312, 891, 891, 4276, 891, 3251, 1988, 2739, 891, 4028, 2621, 2828, 891, 23, 3343, 891, 1966, 891, 891, 320, 3447, 4028, 891, 3847, 891, 320, 3788, 891, 3187, 891, 2676, 1621, 612, 1982, 3847, 1820, 3847, 3343, 3905, 197, 36, 2462, 891, 891, 3436, 3847, 891, 4145, 336, 4801, 891, 406, 406, 336, 891, 891, 336, 891, 3563, 3611, 891, 891, 4541, 3611, 891, 3906, 3286, 891, 891, 3611, 891, 891, 2739, 1927, 3343, 2539, 891]"
233,"[336, 525, 1464, 1104, 336, 2817, 2824, 525, 1688, 525, 1081, 1464, 3312, 2824, 1104, 3324, 1464, 2817, 2817, 2824, 3139, 1104, 3312, 525, 2304, 353, 2817, 1202, 1576, 2818, 2824, 2824, 2817, 1688, 4189, 525, 2824, 2824, 1659, 2824, 1104, 2817, 1104, 2824, 2817, 2817, 2824, 1668, 507, 2304, 61, 2824, 1976, 2824, 1520, 2824, 2304, 1081, 3312, 2824, 2513, 1075, 4754, 4754, 1964, 1614, 1464, 3847, 2824, 1832, 3152, 525, 3152, 2824, 353, 3845, 525, 4753, 2817, 2539, 1576, 2304, 1735, 1976]"
234,"[337, 226, 257, 520, 520, 24, 520, 2160, 257, 226, 170, 2204, 2319, 226, 257, 520, 226, 2601, 170, 179, 1879, 2319, 226, 257, 520, 249, 2204, 249, 249, 2293, 2975, 2204, 3020, 2319, 151, 1021, 260, 3106, 2204, 2975, 3218, 357, 1861, 2204, 2319, 226, 257, 2004, 2160, 257, 226, 170, 2204, 3379, 337, 2204, 2160, 257, 226, 3484, 2204, 1577, 2319, 226, 520, 520, 2160, 257, 226, 170, 2204, 2319, 226, 257, 520, 3700, 2160, 257, 226, 170, 2204, 3700, 3700, 337, 337, 3829, 3871, 337, 1217, 3484, 2204, 226, 257, 2160, 257, 226, 558, 170, 2204, 510, 2204, 2319, 226, 257, 520, 2160, 226, 3968, 2160, 257, 226, 1015, 249, 1685, 3016, 226, 257, 2160, 257, 2204, 3484, 2319, 151, 1021, 260, 2293, 2204, 3829, 3921, 226, 257, 520, 257, 226, 170, 2477, 363, 363, 226, 257, 520, 2472, 2160, 257, 3218, 2204, 1861, 151, 1021, 3484, 3829, 4276, 134, 257, 380, 2160, 226, 170, 2204, 257, 520, 2160, 226, 3484, 2204, 226, 3528, 2204, 1577, 2204, 1861, 2319, 151, 1021, 3211, 2204, 3829, 3921, 226, 257, 520, 1101, 1101, 520, 2160, 257, 226, 170, 2204, 1861, 2319, 2921, 2319, 257, 2160, 257, 170, 3484, 2204, 3791, 3331, 226, 257, 520, 380, 2160, 257, 170, 2204, 2319, 151, 1021, 4527, 1112, 1520, 151, 23, 3256, 3921, 520, 257, 2160, 226, 170, 3437, 3437, 4125, 257, 2160, 257, 226, 170, 3968, 3484, 4589, 1170, 2204, 4589, 3379, 4211, 3484, 226, 257, 226, 170, 2293, 337, 616, 3484, 226, 257, 520, 380, 520, 226, 257, 520, 520, 2160, 257, 226, 2913, 2204, 3968, 4211]"
235,"[338, 1864, 3373, 3373, 3300, 3300, 3373, 897, 3373, 338, 3373, 338, 2202, 406, 3373, 1075, 4303, 745, 3373, 3373, 2202, 3373, 3373, 338, 3373, 3373, 330, 3373, 897, 2828, 324, 1465, 3373, 2999, 3373, 3373, 338, 3373, 3373, 338, 3373, 313, 3196, 2868, 3486, 3373, 3373, 3258, 3373, 3486, 3373, 338, 3373, 2999, 3373, 3373, 4633, 3373, 4633, 3373, 3373, 3486, 3373, 3373, 4985, 3486, 3373, 4985, 4985, 2464, 3373, 4985, 4985, 338]"
236,"[339, 462, 83, 1304, 83, 1304, 2184, 2268, 986, 2794, 1304, 61, 1304, 1309, 986, 2268, 1304, 2794, 324, 83, 927, 1304, 324, 83, 1304, 1304, 2806, 1746, 83, 1304, 3807, 2794, 61, 1304, 1304, 2794, 318, 1304, 1304, 2794, 1304, 4278, 1304, 2794, 1362, 3209, 3209, 443, 2794, 1304, 412, 83, 1304, 1733, 1733, 1927, 83, 83, 1304, 1304, 83, 1304, 443, 1304, 1304, 1107, 1304, 1304, 3305, 3635, 4523, 83, 1304, 1304, 2794, 2806, 2268, 469, 226, 1304, 2794, 83, 1304, 1730, 83, 1304, 1304, 3807, 2268, 3835, 61, 1304, 1304, 2537, 3807, 1304, 2184, 684, 2794, 2268, 128, 4278]"
237,"[340, 341, 1272, 324, 1298, 1299, 340, 1447, 341, 341, 1272, 324, 2106, 1298, 1299, 2179, 2278, 341, 2278, 341, 1298, 1299, 1447, 1272, 324, 2106, 1299, 2278, 341, 1272, 324, 2106, 1298, 2278, 341, 341, 38, 1272, 324, 2106, 1299, 1298, 2278, 340, 341, 1272, 324, 2106, 1298, 1299, 2179, 2278, 340, 341, 1272, 324, 2106, 1299, 1298, 2278, 341, 1272, 324, 2106, 1299, 1298, 341, 341, 1272, 324, 2106, 1299, 1298, 2278, 341, 1272, 324, 2106, 1299, 1298, 1272, 341, 1272, 394, 993, 102, 654, 1272, 394, 993, 102, 654, 443, 1299, 1298, 324, 341, 340, 1447, 806, 2278, 341, 1272, 324, 2106, 1299, 1298, 2278, 172, 3604, 170, 1576, 1313, 341, 2606, 3239, 4248, 341, 341, 1272, 324, 2106, 1298, 1299, 4173, 2278, 324, 2106, 1299, 1298, 1272, 324, 2106, 1298, 1299, 341, 2278, 4248, 406, 340, 3690, 324, 1299, 443, 102, 1445, 2712, 2606, 406, 1272, 2106, 1299, 2278, 340, 341, 1272, 324, 2106, 1299, 1298, 443, 2278, 341, 1272, 324, 2106, 1298, 1299, 3854, 1272, 324, 2106, 1298, 1299, 2278, 341, 341, 1272, 324, 2106, 1298, 1299, 4173, 341, 1272, 324, 1298, 1299, 4173, 2278, 341, 1272, 324, 2106, 1298, 1299, 379, 341, 4589, 1447, 341, 4589, 1272, 324, 2106, 1298, 1299, 2995, 2278, 2106, 1298, 1299, 2278, 1272, 324, 2106, 1298, 1299, 341, 1272, 324, 2106, 1298, 341, 1272, 324, 2106, 1298, 1299, 324, 2106, 1299, 1298, 443, 2470, 102, 341, 1272, 324, 2106, 1299, 1298, 443, 2470, 102, 1447, 341, 1272, 324, 2106, 1298, 1299, 4209, 341, 341, 340, 341, 1272, 324, 2106, 1298, 341, 1272, 324, 993, 341, 4358, 1272, 324, 2106, 1299, 341, 4358, 324, 2106, 1298, 1299, 4248, 341, 4358, 1447, 1447, 341, 1272, 324, 1298, 1299, 4173, 341, 1272, 324, 2106, 1298, 1299, 3492, 1272, 324, 2106, 1298, 1299, 341, 4358, 1272, 2106, 1298, 1299, 4358, 341, 341, 4248, 1272, 324, 2106, 1298, 1299, 4173, 341, 1272, 324, 2106, 1298, 1299, 1447, 4358, 1447, 341, 4358, 3436, 1272, 324, 141, 4358, 341, 1272, 324, 2106, 1298, 1299, 4358, 4358, 1272, 324, 1298, 1299, 4173, 341, 4358, 1272, 2106, 1299, 341, 4358, 1272, 1298, 1299, 3694, 340, 4358, 341, 4358, 1272, 324, 2106, 1298, 1299, 4358, 1272, 324, 1299, 2106, 1298, 4476, 341, 1447, 4358, 341, 324, 1298, 1299, 1879, 1272, 324, 2106, 1298, 2179, 341, 4358, 324, 2278, 1299, 1298, 4358, 379, 1298, 1299, 4173, 4358, 341, 4358, 341, 341, 1272, 324, 2106, 1298, 1299, 4358, 341, 4358, 341, 4358, 4358, 3690, 4358, 341, 4358, 2163, 341, 4358, 3298, 340, 341, 4358, 341, 4358, 406, 2968, 1851]"
238,"[342, 354, 1380, 1572, 1729, 175, 1664, 2694, 2570, 1614, 900, 354, 117, 254, 900, 2481, 3141, 254, 175, 1380, 406, 254, 2444, 3507, 354, 354, 400, 1212, 2444, 1724, 4534, 757, 354, 757, 3844, 2016, 4356, 354, 354, 757, 4356, 2444, 3798, 883, 1724, 1548, 3507, 3604, 1380, 1752, 4182, 406, 354]"
239,"[343, 1310, 1509, 1729, 226, 2192, 1205, 2952, 2952, 2377, 176, 2952, 1804, 2887, 4480, 159, 176, 159, 3229, 2952, 3229, 2952, 2952, 176, 1183, 324, 3213, 324, 1389, 455, 455, 3602, 324, 1183, 159, 3075, 2952, 1170, 2192, 324, 617, 1622, 324, 324, 1638, 1804, 1238, 2952, 1238, 2192, 4829, 324, 4829, 1238, 4829, 4829, 2952, 1804, 333, 226, 1405]"
240,"[350, 151, 556, 1278, 556, 1350, 1852, 2043, 2169, 1278, 556, 1278, 556, 2169, 1278, 2848, 1278, 867, 1889, 3181, 429, 1278, 3477, 3487, 1278, 556, 170, 3342, 1278, 556, 1278, 1278, 1219, 1278, 3477, 1278, 556, 3477, 1278, 1042, 102, 1278, 1616, 3477, 1278, 1278, 170, 1659, 151, 1659, 1278, 1278, 3342, 3477, 1852, 1278, 256, 3514, 1737, 2169, 2744, 3477, 1278, 556, 3477, 1278, 1278, 69, 36, 2848, 1278, 1861, 1317, 1278, 4432, 3342, 517, 1682, 3477, 1278, 2848, 1278, 4519, 556, 4519, 3342, 3715, 3477, 3590, 1278, 3477, 1616, 1010, 2169, 3487, 2234, 2169, 1278, 1278, 324, 1737, 556, 2848, 1278, 3487, 2848, 556, 1278, 3342, 1861, 1317, 2041, 378, 2169, 1317, 1317, 1278]"
241,"[351, 561, 562, 561, 561, 1390, 561, 351, 44, 562, 598, 44, 351, 44, 1759, 562, 351, 44, 561, 3060, 3143, 562, 561, 3206, 561, 351, 44, 561, 351, 44, 1641, 351, 44, 562, 598, 1641, 1390, 351, 3749, 562, 351, 44, 561, 1390, 351, 44, 1759, 351, 44, 1641, 561, 1390, 562, 561, 2572, 351, 44, 1081, 562, 1641, 561, 2572, 351, 1390, 598, 561, 2572, 351, 2036, 1641, 561, 561, 1390, 561, 561, 562, 561, 1641, 2572, 2572, 351, 44, 1196, 561, 2572, 351, 44, 2036, 1641, 1390, 562, 561, 44, 562, 1641, 2572, 351, 44, 1641, 1390, 44, 2572, 351, 1641, 2036, 1390, 561, 2572, 44, 1641, 561, 561, 2572, 1641, 561, 2036, 1641, 561, 1390, 562, 1390, 561, 2572, 351, 562, 1641, 561, 2572, 351, 44, 562, 1641, 561, 1390, 2572, 1641, 1390, 363, 562, 3206, 1641, 44, 351, 2572, 1641, 561, 2572, 351, 562, 1641, 598, 44, 1222, 102, 1445, 1641, 562, 1641, 1081, 1464, 777, 18, 562, 1641, 1641, 598, 4803, 507, 2964, 2036, 1081, 1641, 598, 4803, 1641, 351, 2572, 1641, 4803, 2572, 351, 44, 1641, 598, 1390, 562, 1641, 2572, 351, 44, 562, 1641, 598, 4803, 4848, 4848, 4803, 1390, 44, 2572, 351, 1641, 1641, 598, 4803, 2036, 598, 1641, 1390, 2572, 351, 44, 1641, 562, 1641, 598, 1641, 1390, 4803, 1641, 598, 351, 44, 2036, 1641, 1390, 4803, 1641, 598, 2614, 3749, 2036, 4803, 1641, 116, 210, 116, 44, 2572, 2572, 44, 31, 2036, 4803, 2036]"
242,"[352, 1359, 1359, 2810, 1359, 1359, 2810, 1359, 1359, 2810, 1359, 1359, 2810, 2810, 1359, 2810, 2810, 352, 2810, 2810, 1400, 4784, 1359, 2810, 1359, 3850, 2810, 1359, 3876, 1077, 2810, 3682, 1359, 2810, 4541, 4784, 1359, 1359, 3200, 2810, 4784, 4598, 1359, 3678, 1614, 4784, 1952, 2810, 1464, 82, 249, 2810, 2810, 4552, 352, 61]"
243,"[353, 436, 1635, 93, 1975, 2049, 2299, 2866, 2007, 3103, 2513, 427, 1977, 93, 3531, 1749, 559, 1380, 356, 1977, 1475, 2714, 1010, 1458, 1572, 93, 2883, 366, 1119, 3123, 4226, 3790, 2571, 1977, 3682, 456, 93, 4276, 288, 1977, 93, 2788, 2745, 2481, 4023, 3757, 1380, 1977, 2788, 1990, 883, 13, 93, 1977, 324, 1526, 93, 324, 1128, 1977, 93, 93, 4077, 1381, 3097, 1977, 1458, 4023, 3860, 3378, 1458, 1977, 3877, 93, 2968, 3061, 93, 4688, 2788, 1927, 3224, 1010, 1010, 1967, 1977, 324, 1977, 1977, 312, 2822, 324, 406, 1592, 2553, 1767, 324, 1458, 378, 93, 2878, 324, 2046, 1977, 3669, 1784, 1458, 2564, 771, 2788, 324, 4023, 1458, 403, 195, 4023]"
244,"[357, 1323, 2872, 360, 1951, 3520, 1323, 3673, 1530, 3520, 1323, 3899, 1323, 3884, 1445, 1323, 3884, 293, 102, 2478, 1576, 1323, 1614, 2890, 1792, 2890, 3179, 1576, 1323, 35, 36, 1638, 1015, 3139, 3012, 1323, 3089, 1873, 1323, 3760, 3743, 1541, 624, 3884, 1576, 3760, 3884, 3257, 1638, 1638, 1004, 3020, 3884, 3089, 3884, 3089, 3884, 3899, 3884, 3884, 3089, 1323, 1576, 1576, 1323, 3752, 1445, 3520, 2890, 1918, 293, 249, 3520]"
245,"[357, 745, 1214, 2480, 428, 3418, 337, 3527, 2483, 1147, 3779, 2873, 324, 406, 3418, 3971, 436, 3418, 1656, 1191, 1018, 4153, 2110, 1656, 1656, 2110, 3971, 3418, 2110, 2110, 1656, 1018, 3971, 3418, 3971, 2290, 3418, 3971, 1018, 324, 2399, 3971, 3418, 3418, 2399, 3418, 3418, 2399, 2298, 43, 2399, 59, 59, 3418, 3418, 18, 3418, 3971, 4008, 1018, 1767, 324, 78, 3971, 241, 557, 3550, 3418, 59, 3418, 4962, 4962, 2399, 4962, 3971, 4962, 4962, 4814, 3854, 2109, 4414, 2444, 1964, 4409, 4962, 745, 4962, 2451, 187, 745, 1157, 4962, 5002, 4962]"
246,"[362, 787, 362, 362, 959, 362, 787, 1244, 1246, 1245, 362, 787, 1246, 3746, 1244, 959, 1245, 3866, 787, 1245, 959, 1678, 1246, 362, 787, 3746, 787, 3403, 3866, 787, 1246, 1245, 1244, 787, 1707, 362, 787, 959, 787, 362, 1244, 787, 959, 3746, 1246, 787, 1245, 787, 1245, 1244, 362, 787, 1244, 959, 3866, 1246, 1245, 4394, 959, 362, 3866, 787, 1246, 3866, 1244, 959, 1555, 787, 1246, 1244, 3866, 4394, 787, 959, 1246, 3866, 1244, 1245, 787, 1245, 3866, 1246, 959, 31, 1246, 1244, 1245, 959, 1244, 787, 1245, 1246, 1245, 1244, 787, 1246, 3494, 3494, 362, 1244, 3866, 1246, 959, 4394, 1246, 1245, 1244, 3866, 787, 787, 1245, 787, 3866, 1244, 1246, 787, 1245, 1244, 1246, 959, 1245, 3866, 104, 1245, 787, 1244, 3866, 1246, 959, 1403, 2841, 3746, 1245, 1244, 787, 4825, 1245, 787, 1244, 4825, 959, 4825, 1245, 4394, 959, 787, 1244, 4825, 4825, 3746, 4825, 1245, 1244, 787, 959, 3746, 362, 3746, 4394, 1244, 4394, 3746, 362, 4825, 4394, 787, 362, 3746, 439]"
247,"[364, 363, 1451, 842, 1313, 2473, 2595, 1112, 151, 2473, 1135, 771, 3470, 2473, 2595, 3254, 3470, 3962, 26, 3962, 3122, 3848, 364, 2473, 2473, 3190, 3470, 2473, 2323, 3962, 3254, 129, 1, 169, 4436, 2660, 61, 61, 1010, 2660, 3470, 2473, 435, 1959, 1135, 3470, 899, 2473, 3470, 3254, 2473, 3962, 3962, 3754, 1729, 2473, 3962, 3254, 2473, 494, 324, 26, 3470, 2473, 4893, 20, 2272]"
248,"[366, 357, 1816, 324, 2131, 443, 1015, 1539, 36, 2493, 324, 324, 357, 2168, 1711, 2501, 429, 3116, 3200, 2168, 2501, 2131, 3871, 249, 3596, 2501, 324, 357, 357, 2764, 3606, 102, 3070, 1209, 363, 1179, 4273, 324, 357, 1078, 4457, 1561, 1078, 357, 324, 4222, 2292, 78, 773, 1561, 1166, 357, 1078, 324, 357, 1015, 443, 3116, 1816, 1078, 2131, 3243, 3494, 429, 1015, 2000, 1078, 357, 4001, 1078, 2501, 324, 324, 1015, 1078, 1078, 226, 1015, 2501, 1078, 324, 1078, 249, 129, 4542, 4598, 324, 324, 812, 1078, 1078, 2501, 324, 324, 1015, 2180, 2477, 3224, 3224, 1578, 1078, 2168, 2131, 4613, 504, 2189, 4613, 1521, 1078, 1745, 2865, 1078, 61]"
249,"[368, 368, 970, 368, 1587, 970, 368, 660, 368, 970, 666, 368, 2808, 970, 368, 368, 1587, 970, 842, 368, 368, 1587, 970, 368, 1587, 1587, 368, 368, 2808, 368, 368, 672, 1587, 368, 2808, 1587, 368, 842, 1042, 1587, 2808, 842, 368, 368, 1872, 1042, 970, 660, 970, 368, 2512, 368, 2808, 1587, 368, 1587, 368, 1587, 1587, 368, 368, 1587, 1872, 368, 368, 1587, 1587, 1872, 1587, 368, 1993, 1587, 368, 1872, 660, 842, 368, 368, 660, 970, 368, 368, 970, 368, 842, 2808, 1587, 970]"
250,"[370, 1803, 2016, 357, 2789, 1617, 2016, 3037, 2016, 393, 2038, 61, 61, 3037, 2016, 377, 2990, 3037, 2016, 1617, 3037, 3442, 2789, 2789, 82, 2789, 2016, 1464, 3037, 393, 2789, 2016, 3974, 3037, 2016, 3000, 2016, 2016, 3442, 2789, 3037, 2016, 324, 1972, 2016, 3442, 2789, 2789, 2016, 3037, 4538, 2016, 3442, 2016, 3442, 2789, 2016, 3224, 3442, 406, 406, 2016, 3037, 3442, 2789, 2789, 2016, 393, 3037, 2789, 2789, 3749, 2789, 3749, 2789, 406, 406, 2789, 3749, 897, 393, 3442, 2789, 2789, 393, 3442, 61, 84, 1576, 393, 393, 2789, 2038, 2789, 2789, 102, 3749, 69, 2789, 2519, 2016]"
251,"[371, 493, 1832, 2340, 2707, 20, 3272, 427, 1576, 3538, 2707, 1147, 339, 456, 3019, 1907, 1147, 339, 2527, 1173, 3043, 3056, 2707, 1128, 2762, 2707, 2707, 1729, 1147, 1995, 2527, 3423, 18, 2882, 2545, 339, 2862, 3056, 2856, 3580, 1147, 1198, 2707, 1995, 2545, 3073, 2707, 2707, 1632, 1147, 2298, 1638, 3019, 2512, 2553, 4150, 2707, 4463, 1147, 631, 2706, 2707, 2031, 2252, 2707, 2707, 3019, 5048, 2707, 2707, 3060, 2707, 2707, 2527]"
252,"[372, 1898, 2463, 2530, 2860, 2901, 3025, 3202, 406, 406, 3948, 2530, 1075, 1139, 1075, 4162, 2463, 328, 3735, 3948, 2324, 1354, 3202, 102, 3894, 3948, 1914, 441, 3948, 3202, 3948, 18, 4162, 310, 3243, 385, 3948, 2501, 2816, 1687, 1599, 3948, 1745, 3681, 4162, 3948, 61, 61, 4162, 3948, 3735, 3345, 3948, 3432, 617, 3063, 406, 3948, 4893, 3948, 2901]"
253,"[379, 394, 1547, 897, 2255, 2375, 897, 897, 2896, 2375, 1547, 3380, 3381, 2566, 3385, 897, 3388, 3389, 3389, 1547, 1547, 3388, 3389, 3388, 2277, 1547, 897, 3388, 3389, 897, 3388, 3389, 3865, 1547, 897, 3389, 2566, 3389, 897, 394, 2375, 1547, 363, 516, 378, 3879, 2375, 2255, 1547, 2255, 3380, 3381, 3718, 3385, 897, 2820, 3388, 3389, 3389, 394, 897, 3389, 897, 2375, 2255, 1547, 3415, 3417, 3420, 2758, 3422, 4115, 3433, 3381, 2566, 3385, 897, 3388, 3389, 3389, 3381, 3380, 2255, 1547, 2255, 3381, 3380, 2566, 3385, 897, 2820, 3388, 3389, 897, 2896, 2375, 406, 897, 3389, 897, 394, 1971, 2375, 3389, 897, 3389, 897, 897, 394, 2375, 2255, 1547, 1547, 3380, 324, 3380, 2255, 1547, 3381, 3718, 2566, 3385, 897, 3389, 3388, 897, 2720, 2255, 1547, 1547, 2255, 3380, 3381, 3718, 2566, 3385, 897, 3388, 3389, 2820, 897, 394, 2153, 2375, 897, 3389, 3388, 897, 3389, 897, 2277, 3718, 3381, 3380, 2255, 1547, 1547, 2255, 3380, 3381, 3718, 2277, 2566, 3385, 897, 2820, 3388, 3389, 3389, 897, 897, 2375, 1547, 2255, 3380, 3381, 3718, 2566, 3385, 2820, 897, 3388, 3389, 1547, 2255, 3380, 3381, 3718, 2566, 3385, 897, 2820, 3389, 3388, 1547, 2255, 3380, 3718, 3381, 38, 897]"
254,"[333, 382, 439, 50, 382, 333, 571, 571, 333, 2241, 649, 2241, 649, 2689, 2241, 2689, 2241, 2689, 571, 571, 357, 2241, 2689, 571, 571, 382, 333, 2671, 382, 333, 571, 3530, 571, 571, 3530, 2689, 571, 571, 2689, 2241, 571, 2689, 2241, 571, 2689, 571, 571, 2241, 571, 3530, 571, 396, 571, 2241, 571, 2689, 325, 571, 571, 3530, 571, 3530, 3530, 571, 3530, 571, 2689, 649, 2689, 1911, 571, 2689, 3530, 571, 571, 2689, 3530, 571, 3530, 571, 571, 3530, 333, 571, 571, 1023, 571, 370, 571, 3530, 571, 571, 333, 333, 1638, 571, 396, 1911, 1911, 3488]"
255,"[381, 632, 998, 1011, 1053, 632, 632, 1926, 632, 1011, 1011, 2730, 2730, 632, 1011, 632, 998, 1011, 2730, 1914, 3232, 632, 1170, 998, 1011, 998, 998, 1011, 2730, 632, 998, 998, 632, 1926, 2730, 632, 61, 632, 3800, 2730, 632, 1926, 632, 998, 998, 1011, 465, 499, 632, 632, 998, 1011, 632, 632, 998, 1011, 998, 632, 2702, 998, 998, 632, 998, 998, 1926, 998, 288, 632, 632, 224, 632, 3074, 2037, 2721, 632, 210, 1617, 632, 1011, 632, 998, 1011, 632, 580, 632, 632, 61, 61, 632, 632, 727, 632, 632, 5048, 1011, 998, 1011, 2198, 632, 632, 1926, 1459, 998, 1638, 632, 632, 31, 632, 998, 1011, 632, 3770, 632, 684, 632, 632]"
256,"[357, 1716, 342, 1632, 342, 342, 2650, 1716, 342, 2650, 342, 1716, 1716, 1616, 342, 1716, 2650, 428, 2547, 1716, 342, 1716, 2650, 342, 3324, 2650, 1716, 2650, 342, 2650, 1616, 2650, 1616, 2650, 1716, 1616, 1716, 1716, 1616, 1716, 342, 1716, 1716, 2650, 78, 1716, 78, 1716, 1391, 1716, 342, 1716, 342, 1716, 1716, 1576, 1716, 1716, 1873, 2650, 1716, 342, 342, 1716, 3012, 342, 462, 1716, 342, 342, 1716, 4348, 2650, 1716, 1716, 2650, 1716, 1638, 2876, 1716, 1616, 1716, 2650, 2650, 1716, 2650, 1716, 3990, 2650, 1716, 1716, 674, 1716]"
257,"[383, 1736, 2525, 3748, 406, 2968, 82, 2882, 2882, 2908, 2882, 2882, 4222, 383, 2882, 2525, 4512, 2500, 3177, 2882, 3084, 1918, 31, 1786, 175, 2856, 2844, 777, 2646, 3177, 2897, 2968, 3981, 3981, 2525, 4100, 3148, 3089, 1925, 4259, 1614, 1918, 406, 896, 510, 406]"
258,"[386, 386, 1174, 1174, 1669, 1864, 1174, 386, 1174, 386, 1669, 386, 1669, 1669, 1174, 386, 1669, 386, 1669, 3871, 1174, 321, 1219, 386, 1174, 2924, 386, 386, 1174, 2504, 386, 386, 1174, 386, 1669, 1056, 4442, 1174, 1607, 1669, 386, 386, 1669, 1174, 386, 527, 4801, 321, 1669, 1174, 1174, 321, 321, 1174, 1174, 5025, 4771, 5025, 1669, 5025, 5025, 1669, 1174]"
259,"[387, 516, 1325, 387, 363, 387, 387, 363, 387, 387, 363, 387, 387, 363, 387, 363, 363, 1464, 1925, 387, 363, 387, 363, 387, 363, 387, 363, 363, 387, 387, 363, 1925, 363, 387, 387, 363, 387, 363, 387, 363, 387, 363, 950, 387, 363, 387, 387, 363, 387, 387, 363, 387, 387, 363, 1632, 2536, 387, 363, 363, 387, 363, 328, 2536, 387, 387, 363, 363, 328, 387, 363, 387, 3038, 172, 172, 1925, 3985, 2851]"
260,"[389, 1178, 389, 389, 3067, 389, 352, 389, 3067, 1178, 389, 389, 3895, 3067, 3067, 389, 389, 1178, 3067, 389, 352, 3895, 1178, 389, 312, 2901, 389, 3067, 3895, 3067, 1563, 389, 3067, 82, 3895, 389, 3895, 389, 3895, 1178, 389, 3210, 3895, 3067, 389, 389, 1178, 1178, 389, 3895, 389, 389, 3895, 3067, 3895, 1563, 389, 389, 3210, 389, 389, 3895, 3895, 389, 2170, 389, 3895, 389, 389, 3067, 389, 389, 3895, 389, 2368, 389, 389, 4893, 389, 389, 4008, 1178, 389, 389]"
261,"[391, 1212, 1576, 1212, 1212, 3998, 434, 400, 3998, 3733, 4531, 574, 617, 1512, 434, 3998, 254, 434, 3998, 434, 3998, 254, 400, 3998, 3998, 434, 400, 3998, 254, 3998, 2506, 2506, 434, 1349, 434, 2506, 4286, 2506, 4286, 400, 434, 2506, 4286, 3832, 495, 2506, 434, 624, 434, 254, 1807, 4286, 434, 1659, 254]"
262,"[392, 616, 617, 3378, 3871, 2463, 3197, 3197, 2674, 0, 2889, 2670, 131, 2423, 4397, 4571, 3038, 4634]"
263,"[393, 1296, 2304, 2425, 393, 1296, 1296, 2565, 1296, 1296, 36, 1296, 1296, 2425, 3890, 1296, 2425, 393, 1296, 2425, 3974, 1296, 393, 1296, 1296, 3780, 3076, 2556, 3974, 1296, 393, 1296, 3312, 1296, 393, 1296, 1296, 2690, 36, 1484, 393, 1296, 1296, 393, 1296, 3780, 2425, 1296, 1296, 3341, 61, 1296, 3395, 1296, 3152, 3974, 1296, 393, 1296, 1296, 2425, 1296, 393, 3890, 1296, 1632, 1296, 4753, 1296, 4753, 1296, 1296, 4753, 1296, 2425, 1296, 3260, 3187, 4753, 1296, 2425, 2425, 1466, 3890, 1296, 4753, 4753, 1296, 2425, 4753, 1296, 1296, 2425, 1296]"
264,"[395, 420, 423, 424, 598, 420, 602, 964, 987, 989, 992, 1042, 395, 1067, 1069, 1200, 395, 420, 598, 424, 1367, 964, 987, 420, 424, 964, 987, 1683, 420, 598, 424, 420, 598, 602, 1864, 964, 1367, 987, 989, 992, 1067, 420, 598, 424, 598, 420, 602, 987, 989, 992, 1067, 2424, 1069, 395, 598, 598, 420, 602, 1367, 987, 395, 1067, 2424, 2630, 395, 420, 598, 424, 2737, 598, 420, 602, 395, 1067, 2630, 395, 420, 424, 2922, 424, 598, 420, 602, 964, 1367, 987, 989, 989, 992, 395, 987, 964, 987, 1683, 420, 598, 424, 964, 987, 989, 3221, 602, 420, 598, 424, 964, 1367, 987, 1683, 420, 423, 424, 964, 989, 992, 395, 1067, 2630, 964, 987, 989, 395, 1067, 1069, 395, 420, 424, 598, 964, 1367, 987, 989, 1683, 420, 598, 2737, 424, 424, 420, 598, 602, 964, 1367, 987, 989, 1683, 420, 598, 424, 3661, 598, 420, 602, 1367, 987, 1683, 420, 598, 2737, 424, 2737, 424, 598, 420, 602, 1367, 987, 1683, 420, 598, 424, 2737, 3871, 598, 420, 602, 964, 1367, 987, 992, 3921, 1220, 989, 992, 410, 1526, 1526, 382, 420, 598, 424, 598, 602, 964, 987, 989, 992, 395, 1067, 1367, 989, 992, 1067, 2424, 1069, 2630, 395, 420, 598, 598, 420, 602, 964, 1367, 987, 1367, 964, 989, 992, 395, 1067, 2576, 1069, 2630, 395, 420, 598, 424, 598, 420, 964, 1367, 987, 989, 1683, 420, 598, 598, 420, 964, 1367, 987, 989, 1683, 598, 424, 992, 395, 1067, 4177, 2424, 1069, 395, 420, 424, 598, 420, 1142, 964, 1367, 987, 3921, 4208, 3921, 395, 1067, 2630, 4212, 395, 823, 964, 1367, 987, 989, 992, 395, 1067, 2214, 1069, 395, 2156, 3620, 3620, 424, 598, 420, 602, 964, 1367, 987, 989, 4294, 1683, 420, 1367, 964, 987, 1683, 598, 420, 602, 964, 1367, 989, 989, 395, 1067, 1069, 1367, 987, 989, 1683, 420, 424, 598, 420, 602, 1367, 964, 987, 989, 1997, 488, 197, 424, 598, 420, 602, 964, 1367, 987, 989, 1683, 420, 598, 3661, 2737, 598, 420, 602, 964, 1367, 987, 989, 1683, 598, 420, 598, 420, 602, 964, 987, 989, 992, 1067, 2630, 395, 598, 424, 598, 420, 602, 964, 1367, 987, 989, 992, 395, 1200, 4212, 1200, 395, 420, 424, 598, 420, 602, 1367, 987, 989, 992, 1200, 395, 395, 424, 598, 420, 964, 1367, 987, 989, 992, 1200, 1067, 1069, 2630, 4212, 964, 1367, 1200, 598, 424, 420, 598, 602, 964, 989, 1683, 1367, 987, 992, 395, 1200, 1067, 2630, 1200, 395, 424, 598, 420, 602, 989, 992, 395, 1200, 1067, 2630, 1200, 395, 420, 598, 420, 602, 1367, 987, 989, 395, 1200, 2424, 1069, 2630, 4212, 1200, 395, 420, 598, 3661, 424, 598, 420, 602, 2737, 424, 488, 964, 1367, 987, 989, 420, 2922, 598, 424, 4589, 420, 598, 602, 964, 1367, 987, 989, 1200, 1067, 2424, 1200, 395, 420, 598, 424, 598, 420, 602, 1367, 987, 992, 395, 1067, 2630, 4212, 395, 1200, 420, 598, 598, 420, 602, 964, 1367, 987, 989, 992, 1042, 2293, 1042, 1067, 2630, 4212, 964, 1367, 992, 1200, 1069, 1067, 2630, 4212, 987, 989, 3221, 1683, 420, 598, 424, 2737, 964, 1367, 987, 989, 1683, 420, 598, 424, 4651, 4212, 1200, 395, 420, 598, 420, 598, 602, 964, 1367, 989, 989, 395, 1200, 1067, 2630, 4212, 1200, 395, 420, 4471, 598, 420, 602, 964, 1367, 989, 992, 992, 395, 1200, 1067, 2214, 2617, 2630, 1200, 395, 420, 598, 424, 964, 987, 989, 992, 395, 1067, 1200, 2424, 1069, 2630, 1200, 395, 2156, 3620, 598, 424, 602, 4701, 4704, 987, 598, 424, 598, 420, 602, 1367, 987, 989, 1367, 989, 3221, 1683, 420, 598, 424, 598, 420, 602, 964, 1367, 987, 989, 989, 992, 395, 1200, 1067, 2630, 4212, 1200, 395, 420, 4651, 598, 424, 420, 602, 598, 964, 1367, 987, 4721, 992, 395, 1200, 2630, 4212, 395, 420, 598, 420, 598, 602, 964, 1367, 987, 989, 992, 395, 1067, 4212, 1200, 395, 598, 424, 2737, 424, 598, 420, 602, 3921, 4208, 420, 424, 2737, 424, 598, 420, 602, 987, 3221, 420, 424, 598, 420, 602, 1367, 987, 989, 992, 395, 1200, 1067, 2630, 4212, 1200, 420, 424, 420, 602, 987, 992, 395, 1200, 1067, 2630, 4212, 1200, 1200, 395, 420, 598, 424, 598, 420, 1367, 987, 989, 992, 395, 1200, 964, 987, 4721, 989, 4720, 1683, 420, 598, 4471, 2922, 424, 2737, 598, 420, 4471, 1367, 964, 4721, 992, 395, 2630, 2630, 4212, 1200, 395, 424, 598, 420, 602, 964, 1367, 4721, 992, 395, 4177, 1069, 4212, 1200, 420, 2737, 424, 420, 2922, 3221, 602, 964, 1367, 989, 989, 395, 1200, 1067, 4177, 2424, 1200, 420, 424, 598, 420, 602, 964, 987, 989, 992, 1200, 1067, 2214, 1069, 2630, 4212, 1200, 1200, 395, 807, 420, 424, 2737, 424, 420, 4471, 602, 964, 1367, 4177, 1067, 1200, 395, 172, 2922, 4651, 424, 420, 4471, 602, 4701, 4704, 987, 1367, 987, 989, 3221, 4471, 2922, 424, 420, 4471, 3221, 964, 987, 989, 4704, 4701, 989, 1200, 395, 420, 2922, 424, 4514, 1200, 395, 420, 2922, 598, 424, 598, 420, 4471, 3221, 602, 964, 4721, 987, 989, 992, 395, 1200, 1067, 1069, 1200, 395, 172, 420, 4651, 598, 424, 598, 2304, 420, 3221, 602, 964, 987, 395, 1200, 848, 1069, 4212, 4514, 1200, 420, 2922, 598, 4651, 2737, 2737, 424, 598, 4847, 3221, 602, 964, 1367, 989, 992, 1200, 1067, 1069, 2630, 4212, 4514, 1200, 395, 3620, 598, 424, 420, 598, 4471, 4294, 3221, 602, 987, 989, 989, 1683, 2922, 4651, 964, 4721, 989, 992, 1200, 1069, 4514, 1200, 395, 172, 807, 420, 4651, 424, 420, 4471, 3221, 602, 964, 1367, 987, 395, 1200, 1069, 2630, 1200, 395, 395, 172, 807, 420, 2922, 4651, 424, 424, 1367, 4721, 987, 989, 992, 395, 1200, 1067, 1069, 2630, 4212, 395, 807, 420, 4651, 2922, 1200, 395, 2156, 3620, 1367, 4721, 987, 989, 992, 1200, 1067, 2630, 172, 807, 2922, 4651, 2737, 424, 4847, 3221, 602, 1367, 964, 4721, 4294, 4471, 424, 424, 420, 4471, 3221, 602, 964, 1367, 987, 992, 4212, 987, 989, 989, 4701, 4704, 4721, 987, 989, 1683, 2737, 420, 4471, 3221, 602, 4721, 992, 1067, 4177, 2630, 4514, 1200, 395, 807, 807, 420, 2922, 4651, 424, 4847, 4721, 989, 1997, 172, 807, 1200, 1067, 4212, 4514, 1200, 395, 172, 807, 4651, 4847, 3221, 602, 1367, 4721, 989, 2922, 4651, 424, 4847, 3221, 602, 964, 987, 3221, 1683, 420, 2737, 1367, 964, 4721, 987, 989, 992, 1200, 395, 172, 807, 420, 807, 4651, 2737, 424, 4847, 3221, 602, 964, 4909, 989, 395, 1067, 2424, 1069, 2630, 4212, 4514, 964, 4721, 4909, 989, 1200, 1069, 2630, 4514, 172, 807, 420, 964, 1367, 4721, 4909, 992, 1200, 1067, 4212, 2630, 4514, 395, 172, 807, 2922, 4651, 2737, 4847, 4847, 3221, 602, 1367, 987, 964, 1367, 987, 4721, 987, 4909, 989, 989, 3221, 2922, 420, 4471, 3221, 602, 964, 987, 4909, 989, 992, 1200, 1067, 964, 4721, 987, 989, 989, 395, 1067, 1069, 2630, 4514, 172, 807, 4939, 2922, 4651, 2737, 420, 4847, 4847, 3221, 4942, 602, 1200, 1067, 964, 1367, 987, 4294, 420, 4651, 424, 2737, 1067, 1200, 1069, 2630, 4212, 964, 1367, 989, 4721, 987, 989, 395, 1200, 1067, 1069, 4704, 4909, 989, 992, 1200, 1067, 2214, 4212, 4514, 395, 807, 420, 2922, 4651, 2737, 420, 4471, 3221, 964, 1367, 4704, 4701, 987, 987, 602, 989, 3221, 1683, 420, 2922, 4651, 424, 964, 987, 989, 989, 395, 1200, 2424, 1069, 2630, 4212, 992, 1067, 2424, 4970, 989, 395, 1067, 2630, 4514, 395, 172, 420, 4939, 2922, 4651, 2737, 424, 420, 4847, 4980, 4939, 420, 4651, 2922, 2737, 3661, 420, 4471, 3221, 4980, 1367, 987, 4909, 4970, 1200, 395, 1067, 4212, 964, 1367, 987, 4970, 1200, 2630, 395, 172, 807, 420, 4939, 964, 1367, 4721, 4909, 4970, 992, 395, 1200, 2424, 4212, 964, 1367, 987, 4909, 989, 992, 395, 1069, 2630, 4514, 1200, 2467, 324, 172, 807, 2737, 420, 4847, 4847, 3221, 4980, 4721, 987, 4970, 989, 992, 1200, 395, 2424, 1069, 4212, 1200, 395, 172, 807, 4939, 420, 2922, 4651, 2737, 420, 4847, 4847, 3221, 1367, 4721, 987, 4970, 989, 992, 1067, 1069, 4212, 2630, 395, 172, 4939, 2922, 4651, 424, 4847, 3221, 1683, 964, 1367, 4909, 4970, 989, 822, 4972, 4208, 3921, 1042, 3620, 172, 807, 4939, 3661, 424, 420, 4847, 4847, 964, 1367, 987, 4970, 4939, 4651, 2737, 420, 4847, 4847, 3221, 4980, 1367, 4704, 987, 989, 987, 4970, 989, 420, 2737, 420, 3221, 1683, 2922, 2737, 3661, 424, 964, 987, 4970, 989, 3221, 420, 2922, 4651, 2737, 424, 4847, 3221, 4314, 964, 1367, 987, 4909, 989, 2922, 420, 4651, 964, 1367, 987, 4721, 992, 1067, 2424, 1069, 4514, 1200, 4212, 2630, 4232, 1142, 420, 4847, 3221, 4980, 964, 1367, 5049, 395, 2630, 395, 1142, 3221, 1683, 420, 2922, 2737, 4847, 4847, 3221, 4980, 5053, 1367, 964, 4721, 987, 4970, 989, 1200, 1069, 1367, 4721, 4970, 989, 1200, 2630, 807, 420, 2737, 424, 420, 4847, 3221, 1367, 987, 989, 4909, 1367, 992, 395, 1200, 1067, 2630, 4212, 807, 420, 4939, 2922, 424, 420, 4847, 4847, 3221, 4980, 964, 1367, 987, 4909, 4970, 989, 3221, 420, 2922, 424, 4847, 4980, 4721, 987, 4909, 4970, 989, 992, 395, 1200, 1067, 1069, 2630, 4212, 395, 807, 4939, 420, 2922, 424, 2737, 4471, 3221, 4980, 964, 4721, 4909, 989, 992, 395, 1200, 1067, 1069, 2630, 4212, 395, 420, 2922, 4651, 424, 420, 4471, 4980, 1367, 4704, 4701, 987, 4970, 1367, 987, 4942, 420, 4651, 2737, 420, 4847, 4847, 3221, 4980, 964, 1367, 964, 1367, 4721, 987, 4970, 992, 989, 1200, 1067, 4212, 2630, 395, 172, 420, 2922, 4651, 2737, 424, 4847, 3221, 4980, 964, 4721, 987, 4909, 989, 1200, 1067, 2424, 2630, 4514, 395, 172, 4939, 2922, 420, 4651, 424, 4847, 420, 4847, 4942, 3221, 964, 987, 4909, 989, 1200, 2630, 4514, 395, 4939, 4651, 2737, 424, 420, 4847, 3221, 4980, 1367, 987, 4909, 4970, 1200, 4177, 4212, 5079]"
265,"[396, 396, 721, 1003, 1185, 721, 1477, 1477, 2520, 2586, 1933, 836, 836, 1591, 1598, 721, 396, 1477, 1477, 1185, 721, 721, 2042, 1003, 3553, 721, 1185, 721, 2520, 721, 3856, 751, 1477, 1003, 721, 24, 2066, 3553, 1477, 396, 751, 4218, 3553, 4218, 1003, 4364, 1185, 721, 1223, 4218, 721, 2520, 3555, 4364, 516, 402, 1185, 751, 2746, 1087, 4218]"
266,"[397, 3318, 3318, 3719, 3318, 1801, 2317, 4058, 3318, 4508, 3719, 3939, 4508, 3719, 1371, 4058, 4700, 3318, 3719, 4508, 4058, 3318, 3719, 3719, 3486, 1027, 3719, 4801, 3719, 4508, 4058, 4508, 4058, 3719, 4803, 4058, 1381, 4508, 4508, 3318, 4508, 3318, 4803, 3318, 4803, 4058, 4803, 3318, 4803, 2317, 4803, 4803, 2941, 4803, 1325, 61, 3318, 4058, 3681]"
267,"[364, 364, 1712, 1765, 2903, 3327, 1456, 406, 406, 3591, 2920, 406, 422, 3591, 3327, 3843, 956, 956, 1147, 4534, 1959, 771, 899, 3189, 3254, 2865, 2903, 3786, 3830, 2903, 3327, 2920, 2920, 2702, 3063, 2474, 1959, 1792, 4793, 3327, 2292, 2903, 1541, 2920, 3327, 3084, 4793, 364, 2920, 364, 1728, 20, 3133, 61, 61]"
268,"[210, 210, 1988, 210, 210, 2676, 210, 1988, 1988, 210, 1988, 210, 210, 1988, 210, 1988, 1988, 210, 210, 1988, 210, 210, 1988, 210, 1688, 210, 3871, 210, 172, 1988, 210, 1662, 1988, 1988, 210, 1967, 210, 36, 210, 210, 1018, 1988, 210, 210, 1988, 210, 1988, 210, 210, 1988, 2890, 210, 210, 1988, 3024, 210, 210, 1988, 210, 1988, 210, 210, 1988, 2489, 210, 210, 1787, 1988, 210, 210, 2183, 210, 2489, 4123, 210, 210, 1988, 210, 210, 1988, 210, 210, 598, 210, 1988, 210, 210, 1385, 210, 210, 1988, 210, 210, 406, 406, 61, 61]"
269,"[398, 1126, 1215, 1215, 1480, 1215, 1579, 398, 1864, 1126, 1579, 2111, 2184, 2111, 1126, 398, 2111, 1579, 1126, 365, 1941, 1941, 365, 1579, 2561, 2111, 1579, 2696, 398, 1579, 1126, 1579, 2561, 2111, 1036, 1579, 1941, 3549, 3805, 1579, 2094, 2699, 2094, 1579, 2111, 3928, 1126, 1579, 2111, 2111, 1579, 1215, 1480, 1579, 2111, 3928, 1269, 1579, 1579, 1215, 1480, 1215, 1579, 1579, 2111, 1579, 2111, 1579, 2696, 1579, 365, 1941, 817, 1579, 1215, 1480, 1215, 1579, 2696, 3805, 2561, 2111, 1579, 1579, 3528, 2976, 3549, 1579, 1579, 2111, 2111, 2859, 1579, 398, 1579, 2111, 2111, 1579, 1012, 3627, 1579, 398, 4276, 1579, 2561, 398, 1579, 2111, 3928, 2111, 1579, 398, 2111, 2111, 1579, 2696, 1579, 2111, 1215, 1269, 2111, 1579, 398, 1579, 2111, 3528, 1579, 398, 2696, 1579, 365, 1579, 398, 398, 3805, 1579, 2699, 1579, 1579, 4368, 2111, 1579, 2561, 1579, 1480, 1215, 1579, 398, 1579, 2111, 2111, 1579, 3805, 1579, 2111, 3526, 2111, 3549, 365, 1215, 1215, 1579, 398, 1579, 4368, 2111, 3805, 1579, 4368, 2111, 1579, 1215, 1480, 3607, 3805, 1126, 1579, 6, 1215, 1579, 1126, 2561, 398, 1579, 2111, 1215, 1480, 151, 1579, 1579, 2111, 2111, 1579, 2696, 398, 1480, 3324, 151, 1077, 1528, 1215, 398, 1579, 4368, 1043, 2293, 1042, 1579, 4589, 1579, 1579, 363, 101, 4377, 363, 1579, 2111, 2111, 1579, 1126, 1215, 1480, 1579, 4368, 4642, 3346, 398, 2111, 2111, 1579, 1126, 3805, 1579, 2111, 1579, 2111, 2111, 1579, 1579, 1215, 1480, 1579, 1579, 1126, 398, 1579, 2111, 3526, 1579, 151, 1035, 463, 1579, 398, 2696, 1579, 1042, 1493, 151, 2561, 1579, 463, 1659, 463, 1579, 398, 1579, 2699, 2094, 1579, 398, 1579, 1579, 2111, 398, 1215, 1480, 1215, 1579, 398, 2111, 1579, 2812, 1579, 398, 1579, 2111, 1579, 2111, 398, 1579, 365, 817, 365, 1579, 398, 2561, 398, 1579, 4368, 2111, 1215, 1480, 2242, 1579, 2111, 1579, 3928, 2094, 1579, 2111, 2696, 2111, 1579, 2696, 1579, 2111, 3526, 2111, 1215, 1480, 1215, 1579, 398, 2094, 2699, 1579, 3436, 817, 256, 398, 1579, 398, 1579, 3776, 2844, 398, 1579, 2111, 4642, 2111, 1579, 1579, 1215, 1480, 151, 2266, 463, 1126, 398, 1579, 2699, 2094, 1579, 2561, 1579, 2111, 4642, 2111, 1579, 1579, 1215, 1480, 1579, 4368, 2111, 398, 1579, 2111, 2111, 1579, 2696, 1579, 1215, 1480, 172, 365, 1941, 365, 1579, 2111, 3928, 2111, 1579, 1215, 1480, 3730, 463, 1579, 398, 185, 398, 398, 1579, 2094, 2699, 2094, 1579, 1126, 398, 1579, 2111, 2111, 1579, 398, 1579, 4368, 2111, 398, 1579, 172, 3404, 1941, 2111, 3436, 1579, 4541, 1215, 3060, 1579, 2111, 3526, 1579, 2561, 398, 3324, 2696, 398, 1579, 4368, 580, 398, 1126, 398, 3805, 2561, 1579, 1381, 1579, 398, 398, 3805, 1215, 1579, 2094, 2437, 1579, 1579, 2111, 3526, 2111, 3928, 3526, 2111, 398, 3256, 1480, 1579, 398, 1579, 4368, 3526, 3928, 4540, 1215, 463, 398, 1579, 2094, 2699, 398, 1579, 3549, 2489, 1579, 1126, 3805, 1579, 1579, 398, 1126, 1579, 4540, 1579, 1579, 3256, 1579, 398, 1579, 2111, 3526, 4540, 1579, 1126, 3928, 1579, 398, 1215, 1215, 4642, 4540, 398, 3607, 1126, 1579, 333, 248, 1126, 1959, 398, 1579, 4368, 3526, 4642, 398, 2111, 3526, 443, 226, 1579, 1126, 2111, 4642, 3526, 3928, 4642, 4540, 1579, 398, 1126, 1579, 1215, 1579, 398, 398, 4642, 1126, 1579, 2111, 3928, 3526, 1579, 1126, 398, 1579, 398, 1579, 2111, 3526, 463, 84, 1579, 2111, 1579, 3526, 1579, 398, 3526, 1579, 2111, 3928, 3526, 2111, 1579, 3528, 1579, 398, 2111, 3526, 2111, 1579, 463, 1480, 1579, 1579, 2111, 1126, 398, 398, 1579, 2111, 3526, 4540, 1579, 398, 151, 1579, 1579, 3526, 4642, 398, 1579, 463, 3730, 365, 365, 321, 333, 188, 1243, 3526, 1325, 1161, 516, 1579, 2111, 3928, 3526, 2266, 1579, 516, 5079]"
270,"[400, 1222, 402, 363, 363, 400, 3120, 4531, 617, 84, 2682, 690, 580, 76, 1851, 1851, 151, 400, 1659, 84, 3291, 400, 151, 4835, 1217, 4835, 4835, 402, 402, 151, 4835, 3757, 402, 1851, 402, 3320, 1349, 1212, 402, 1528, 402, 4835, 4835, 400, 2480, 4153, 4153, 4835, 4835, 1313, 4835, 3434, 4835, 4835, 3679, 2863, 4893, 1620, 3510, 4835, 1030, 4835, 5053, 4835, 4835, 1680, 4835, 4835]"
271,"[402, 443, 1166, 151, 1380, 1521, 1681, 1681, 1864, 2229, 443, 1681, 2229, 1681, 2593, 2229, 1681, 2229, 2593, 2593, 1681, 229, 2870, 3242, 3321, 2593, 2593, 23, 3507, 1681, 337, 1681, 23, 3363, 3363, 3115, 2593, 2229, 443, 1681, 2593, 2593, 2229, 2593, 151, 1380, 2593, 2593, 3507, 2593, 2229, 2593, 4217, 3585, 711, 1681, 2593, 1681, 4217, 283, 4276, 1681, 1681, 3295, 1681, 2593, 2593, 443, 2593, 2229, 1998, 2870, 1681, 1681, 2593, 2229, 2280, 2593, 3507, 1681, 2593, 2569, 3456, 503, 2593, 2229, 2593, 2593, 1681, 2477, 26, 3585, 2038, 1681, 2593, 1681]"
272,"[406, 462, 2627, 2762, 2517, 1670, 2716, 75, 462, 462, 4097, 3906, 3902, 3735, 2678, 3730, 4090, 4764, 2457, 4764, 4764, 791, 4764, 2477, 2010, 462, 462, 175, 462, 462, 324, 1576, 3330, 3014]"
273,"[410, 890, 2214, 88, 410, 309, 88, 176, 3204, 536, 309, 2577, 890, 2577, 88, 410, 309, 2469, 88, 3682, 890, 3408, 3784, 309, 410, 220, 1392, 1487, 410, 220, 88, 410, 309, 4142, 410, 2276, 3784, 4022, 410, 3207, 309, 4406, 2577, 410, 309, 2577, 1392, 2513, 2577, 309, 1392, 3408, 2272, 3097, 88, 88, 1010, 61, 890, 309, 2577, 88, 410, 309, 536, 890, 309, 309, 2577, 2577, 309, 1392, 4707, 4082, 890, 309, 309, 1392, 3408, 3784, 4425, 2577, 890, 443, 309, 2208, 4707, 4425, 4147, 1392, 3408, 1392, 3408, 890, 890, 309, 890, 439, 890, 3408, 309, 309, 890, 309, 1392, 3408, 2577, 890, 3834, 2276, 890, 309, 1392, 536, 309, 1392, 1487, 309, 2276, 1392]"
274,"[412, 1221, 2516, 2721, 3095, 412, 2437, 1733, 412, 1733, 61, 61, 1643, 151, 410, 1051, 456, 2897, 3223, 3181, 2932, 3795, 61, 1643, 412, 1733, 4150, 344, 412, 1733, 1659, 412, 1487, 2553, 412, 1456, 2340, 61, 363, 1103, 1643, 4893, 516, 406, 226, 1668, 4148, 293, 2660]"
275,"[413, 642, 644, 1564, 642, 169, 454, 413, 565, 2438, 413, 2582, 2602, 169, 413, 2602, 413, 1, 565, 1, 413, 3382, 413, 1564, 3382, 413, 2582, 413, 2482, 413, 2036, 413, 3382, 169, 413, 413, 2602, 413, 3658, 3985, 3382, 413, 3206, 2036, 413, 2602, 2582, 413, 3382, 413, 413, 1564, 413, 413, 2602, 413, 3382, 2341, 3756, 413, 413, 104, 565, 413, 454, 413, 413, 2602, 413, 2602, 2602, 82, 2602, 3382, 413, 2602, 413, 413, 2582, 2582, 1566, 516, 413, 2242, 959, 3060, 413, 2438, 454, 413, 1564, 2582, 413, 104, 413, 2602, 2582, 413, 4659, 363, 3382, 2602, 413, 413, 3382, 2242, 363, 413, 169, 413, 3382, 2602, 730, 413, 2602, 455, 413, 1, 413, 642, 413, 1550, 454, 2602, 413, 2582, 1, 4098, 831, 1075, 730, 3382, 2602, 3018, 413, 1550, 3018, 413, 1566, 565, 1550, 3018, 2602, 413, 1, 363, 413, 413, 4541, 2602, 413, 413, 1, 413, 3382, 454, 413, 1550, 413, 1, 1170, 1087, 413, 2602, 565, 4248, 70, 413, 1, 2602, 3215, 1325, 413, 1550, 4897, 413, 565, 2242, 516, 1087, 413, 2240, 70, 413, 3382, 70, 413, 1550, 1550, 1, 1, 413, 1550, 454, 565, 413, 2582, 3879, 413, 565, 3382, 1, 3494, 3298, 1550, 730, 454, 2582, 70, 1, 413, 2582, 1, 565, 413, 1, 413, 4633, 4633, 1709, 413, 3879, 413, 800, 413, 413, 1031, 413, 413, 1, 565]"
276,"[414, 1903, 414, 1742, 1191, 414, 1589, 1548, 414, 3032, 3320, 4123, 1075, 414, 3330, 3593, 414, 414, 1589, 414, 414, 3563, 414, 4242, 414, 4242, 3924, 4242, 414, 84, 1974, 414, 414, 403, 3343, 4700, 414, 559, 414, 414, 1548, 2451, 3969, 1797, 3877, 414, 414, 1557, 443, 414, 414, 3330, 414, 1151, 414, 4183, 414]"
277,"[352, 337, 993, 1695, 993, 1695, 1971, 1695, 1971, 2011, 443, 993, 2011, 993, 1695, 352, 993, 1695, 1695, 352, 352, 993, 1971, 1695, 993, 1971, 1695, 993, 352, 4357, 1249, 993, 993, 1695, 993, 1695, 993, 1695, 2103, 2103, 1695, 993, 1695, 993, 1695, 3184, 3180, 993, 1695, 352, 283, 337, 337, 1249, 3390, 1971, 993, 3390, 3390, 3935, 2096, 993, 1018, 1249, 3180, 352, 1249, 993, 5079]"
278,"[416, 210, 1617, 509, 2011, 102, 1465, 38, 2067, 1018, 170, 1161, 3371, 1465, 3379, 443, 509, 2853, 406, 3699, 406, 1465, 36, 1015, 474, 4009, 207, 509, 2961, 2749, 2961, 378, 1465, 3681, 509, 151, 509, 4143, 4009, 443, 509, 3066, 2067, 1018, 509, 76, 151, 509, 1018, 2067, 509, 151, 4442, 509, 1498, 1475, 1465, 443, 515, 151, 509, 509, 3199, 509, 598, 1879, 4009, 1790, 2451, 337, 2390, 4542, 2995, 2011, 443, 4009, 3436, 1790, 509, 3242, 509, 509, 2451, 509, 3056, 1381, 509, 3764, 557, 2961, 416, 3432, 3331, 1741, 3681, 509]"
279,"[417, 2324, 2917, 288, 1589, 3080, 417, 417, 4097, 3782, 288, 229, 4104, 417, 2046, 3615, 1903, 1729, 1147, 1754, 3248, 3782, 4104, 417, 417, 4520, 2480, 4153, 3120, 1157, 3436, 458, 645, 515, 1553, 1458, 1553, 1458, 1458, 2739, 1729, 1458, 3377, 1192, 1664, 406, 406, 1754, 645, 3606, 1458, 2870, 1458, 2537, 4153, 2453, 61, 3782, 4893, 2252, 1458, 4153, 812, 3447, 406]"
280,"[419, 539, 760, 763, 84, 539, 419, 1496, 1346, 1864, 986, 539, 760, 539, 760, 2453, 539, 760, 1145, 1791, 3305, 1504, 3190, 3312, 3087, 760, 1612, 669, 2964, 760, 151, 1380, 539, 1202, 1346, 1346, 539, 3305, 539, 760, 1346, 760, 3975, 669, 1380, 1224, 760, 353, 539, 3305, 760, 4242, 1872, 1364, 760, 419, 3404, 3762, 406, 2020, 759, 2815, 498, 539, 760, 760, 1134, 2640, 539, 760, 763, 759, 1346, 82, 759, 986, 760, 2168, 760, 760, 3190, 3305, 3248, 2168, 759, 760, 2168, 759, 760, 760, 3305, 4801, 759, 1496, 759, 4623, 170, 760, 759, 2815, 1615, 4155, 1615, 3759, 760, 4028, 1202, 2168, 539, 760, 283, 3762, 760, 1504, 2553, 1252, 3299, 3305, 539, 2168, 690, 690, 2679, 539, 3732, 1346]"
281,"[425, 1782, 1833, 425, 1535, 1833, 2154, 2632, 2637, 2659, 1833, 2154, 1385, 1833, 3648, 3648, 1782, 1833, 1833, 425, 1833, 425, 2154, 2154, 425, 425, 1833, 425, 1833, 1535, 1833, 1535, 1782, 1833, 425, 1833, 1833, 1535, 176, 1535, 425, 1833, 1833, 1535, 425, 1833, 1833, 176, 1183, 1183, 1833, 24, 1535, 425, 1833, 425, 1535, 425, 1833, 331, 1833, 1833, 1535, 176, 176, 1183, 3856, 1833, 1782, 1833, 1535, 1833, 1833, 1535, 1833, 425, 1833, 1535, 1833, 1535, 1833, 1782, 1833, 1833, 1183, 1833, 1535, 1833, 1535, 1833, 425, 1833, 1535, 1833, 1183, 176, 1833, 1535, 1833, 1535, 1833, 1535, 1833, 1957, 4265, 1535, 1833, 2154, 1833, 1535, 2154]"
282,"[427, 614, 966, 966, 1881, 966, 2321, 966, 2914, 1252, 1773, 831, 966, 966, 3624, 2876, 1881, 966, 3624, 966, 172, 463, 1104, 2715, 3624, 463, 966, 1215, 3624, 3624, 966, 4146, 2556, 3624, 3624, 2391, 2715, 3624, 1215, 1990, 4189, 2919, 1018, 3997, 31, 966, 245, 456, 151, 3624, 966, 3624, 966, 2914, 2307, 966, 3624, 4028, 1445, 1881, 966, 3624, 1881, 3624, 1881, 966, 3624, 3624, 3805, 966, 1881, 3624, 3624, 966, 3624, 4770, 3046, 1488, 966, 2914, 3220, 2686, 2564, 1799, 3624, 966, 966, 3624, 966, 3624, 3046, 1881, 966, 353, 1488, 3624, 966, 966, 3046, 966, 966, 2041, 4770, 966, 1881, 3624, 61, 1881, 966, 3624, 3046, 2477, 4770, 966, 62, 966, 3046, 4770, 1881, 4770, 4770, 1881, 2914, 4770, 3524, 4770]"
283,"[428, 2270, 1659, 530, 2270, 530, 44, 4229, 530, 2644, 530, 1346, 1173, 530, 3080, 2270, 1346, 4015, 2183, 344, 3246, 1147, 1075, 2270, 1346, 530, 324, 378, 1346, 4060, 2270, 378, 44, 1464, 4303, 3790, 3312, 1976, 2270, 2644, 3246, 3013, 2270, 2556, 2481, 3183, 2304, 3291, 502, 458, 76, 3681, 4963, 4963, 378, 4963, 4476, 3790, 4963, 249, 4963]"
284,"[430, 412, 430, 412, 412, 430, 412, 412, 430, 1129, 430, 2702, 412, 3672, 412, 430, 3346, 430, 412, 412, 3320, 4291, 1537, 412, 1576, 412, 412, 4291, 4291, 412, 412, 1161, 83, 3190, 412, 1576, 3088, 364, 1161, 412, 1638, 2964, 3150, 443, 2964, 1030, 1030, 3686, 2463, 364, 3150, 4291, 2769, 1704]"
285,"[432, 432, 1867, 432, 1867, 2351, 2351, 1867, 432, 2780, 2988, 2351, 1867, 3052, 1867, 1867, 432, 2780, 2780, 432, 2351, 1867, 432, 2780, 2780, 432, 2351, 432, 2351, 2351, 1867, 432, 2351, 2351, 432, 1867, 2351, 2780, 2351, 2351, 1867, 2780, 2780, 432, 1114, 2780]"
286,"[433, 176, 1779, 498, 61, 324, 2865, 759, 1601, 3710, 3359, 759, 3076, 3710, 364, 3032, 1134, 406, 406, 324, 1975, 4242, 2674, 2008, 4104, 759, 102, 2940, 3224, 324, 2210, 2888, 3213, 3517, 1504, 4683, 4229, 2703, 1576, 324, 2334, 3246, 3296, 324, 2715, 1662, 530, 2065, 4242, 557, 406, 1417, 2510, 2065, 4814, 1325, 4893, 3122, 3206, 383, 102]"
287,"[434, 452, 463, 102, 102, 276, 498, 504, 508, 838, 504, 919, 920, 463, 452, 777, 434, 1094, 1176, 1203, 452, 463, 504, 919, 920, 504, 919, 920, 463, 838, 504, 919, 920, 463, 1215, 102, 498, 504, 508, 838, 1864, 2015, 2020, 504, 919, 504, 919, 920, 463, 452, 777, 434, 452, 463, 102, 504, 504, 838, 504, 919, 920, 2456, 434, 452, 102, 498, 504, 508, 838, 504, 919, 463, 452, 777, 434, 1094, 434, 434, 777, 452, 463, 102, 498, 508, 838, 838, 504, 919, 920, 463, 452, 777, 1094, 434, 452, 463, 102, 504, 508, 838, 838, 504, 919, 920, 463, 777, 434, 434, 1176, 777, 452, 102, 504, 508, 838, 504, 919, 920, 2174, 102, 498, 504, 508, 838, 838, 504, 2020, 920, 838, 504, 919, 920, 463, 434, 1094, 434, 838, 504, 919, 920, 452, 777, 1094, 434, 102, 498, 504, 508, 838, 504, 919, 920, 102, 3256, 434, 2273, 2687, 2324, 1195, 3625, 508, 838, 838, 504, 434, 1176, 2456, 452, 498, 504, 508, 838, 504, 919, 920, 463, 452, 777, 434, 434, 838, 838, 504, 516, 498, 504, 508, 838, 838, 3871, 498, 276, 102, 1215, 1195, 2687, 3625, 838, 838, 504, 919, 452, 1094, 434, 777, 170, 102, 504, 508, 838, 838, 504, 919, 920, 463, 2456, 1094, 434, 1361, 249, 102, 1165, 838, 504, 920, 463, 452, 777, 2456, 1094, 434, 1176, 777, 452, 170, 102, 504, 838, 838, 4061, 919, 920, 463, 452, 777, 2456, 1094, 977, 434, 434, 777, 452, 249, 102, 276, 498, 4061, 508, 838, 838, 919, 920, 3528, 38, 2174, 102, 276, 4144, 498, 4061, 508, 838, 504, 170, 2273, 473, 3601, 1195, 3625, 838, 838, 434, 3256, 2306, 460, 508, 838, 838, 920, 463, 452, 777, 2456, 1176, 434, 434, 1548, 260, 3625, 508, 3625, 508, 838, 838, 4061, 919, 920, 452, 777, 2456, 434, 434, 1176, 777, 1762, 463, 276, 4144, 102, 498, 4061, 508, 838, 838, 4061, 919, 920, 463, 188, 4276, 2015, 838, 498, 102, 4144, 276, 2156, 1195, 2687, 508, 838, 838, 4061, 919, 920, 452, 777, 2456, 434, 1176, 1094, 838, 4061, 919, 920, 463, 452, 777, 2456, 434, 1094, 434, 1871, 460, 3625, 508, 838, 4061, 919, 463, 452, 777, 434, 1094, 434, 1176, 777, 452, 170, 102, 4144, 434, 3256, 443, 474, 1176, 777, 452, 102, 4144, 276, 4061, 838, 838, 4061, 919, 920, 777, 2456, 434, 434, 1176, 777, 452, 170, 102, 1165, 276, 498, 4061, 508, 838, 838, 2174, 38, 3457, 194, 463, 276, 102, 1165, 4144, 498, 838, 4306, 2687, 3625, 508, 838, 838, 498, 102, 4144, 276, 170, 1195, 2687, 3625, 508, 838, 838, 4061, 919, 2015, 920, 463, 452, 777, 1094, 434, 434, 2456, 977, 170, 102, 1165, 4144, 276, 498, 4061, 508, 838, 838, 4061, 919, 2015, 463, 452, 777, 1094, 434, 434, 452, 1140, 460, 3625, 508, 498, 4061, 838, 838, 4061, 919, 2015, 920, 463, 452, 777, 2456, 1094, 434, 1176, 452, 4144, 276, 508, 838, 4061, 919, 2015, 920, 463, 452, 2456, 434, 434, 838, 919, 2015, 920, 463, 452, 777, 2456, 434, 434, 777, 452, 4144, 276, 102, 498, 4061, 508, 838, 838, 4061, 919, 2015, 920, 2174, 838, 4061, 919, 2015, 920, 463, 452, 777, 2456, 434, 1176, 777, 170, 102, 4144, 276, 498, 4061, 508, 838, 4061, 919, 920, 463, 838, 4061, 919, 920, 452, 434, 1176, 2456, 3256, 3528, 1561, 508, 838, 838, 4061, 919, 920, 4589, 838, 508, 498, 102, 2075, 2961, 1195, 645, 2687, 3625, 838, 508, 838, 838, 4061, 919, 920, 452, 777, 434, 2456, 434, 1176, 1094, 3256, 460, 4061, 919, 920, 777, 919, 2015, 920, 2156, 1195, 2687, 3625, 838, 838, 508, 838, 838, 4061, 919, 2015, 920, 463, 452, 777, 2456, 434, 1176, 452, 102, 4144, 498, 4061, 508, 838, 4061, 919, 2015, 838, 4061, 919, 920, 452, 777, 434, 777, 102, 276, 4144, 498, 4061, 508, 838, 4061, 919, 920, 452, 777, 452, 102, 4144, 276, 498, 4061, 508, 838, 4061, 508, 508, 2585, 508, 919, 2020, 920, 799, 508, 838, 838, 2020, 2015, 919, 4418, 504, 919, 2020, 838, 919, 3762, 504, 4418, 5059, 838, 2020, 504, 2166, 2020, 5059, 4418, 508, 4418, 5059, 508, 508, 838, 508, 4418, 5059, 3762, 324]"
288,"[438, 759, 759, 474, 438, 759, 759, 3032, 322, 759, 759, 322, 759, 2815, 759, 759, 226, 759, 759, 1012, 759, 759, 3772, 2674, 759, 3090, 759, 759, 2674, 2683, 759, 234, 3770, 129, 759, 759, 226, 759, 759, 61, 1012, 759, 759, 463, 759, 759, 3056, 759, 759, 7, 2500, 4814, 759, 759, 463, 759, 2749, 379, 759, 759, 226, 759, 759, 3527, 4814, 1778, 759, 3770, 234, 759, 2762]"
289,"[324, 744, 793, 909, 1043, 909, 443, 744, 1247, 324, 909, 1515, 909, 226, 324, 1247, 1247, 3459, 1247, 324, 226, 909, 909, 324, 4211, 2862, 1205, 3088, 744, 1247, 4120, 793, 909, 744, 1247, 324, 324, 3311, 1515, 1515, 744, 1247, 226, 744, 1247, 909, 909, 3104, 744, 1247, 744, 1247, 2474, 744, 1247, 793, 909, 909, 1637, 3459, 1515, 744, 1247, 909, 744, 909, 909, 2923, 744, 1247, 4619, 793, 909, 324, 324, 1247, 909, 324, 3459, 4619, 1247, 324, 909, 176, 4619, 744, 744, 1247, 324, 744, 1247, 324, 909, 744, 793, 909, 3488, 744, 1247, 324, 909, 744, 1247, 909, 324, 324, 744, 1247, 909, 909, 1247, 744, 324, 909, 793, 909, 744, 909, 1183, 744, 1247, 909, 324, 2816, 793, 909, 909, 324, 744, 1247, 793, 909, 744, 1247, 909, 4062, 226, 1247, 744, 1247, 909, 744, 909, 744, 909, 3459, 1515, 3311, 793, 909, 1878, 744, 744, 1247, 909, 324, 1515, 2614, 159, 176, 324, 2816, 1515, 82, 793, 1247, 793, 744, 1247, 793, 909, 2985, 324, 1515, 744, 1247, 324, 744, 1247, 909, 744, 793, 1563, 226, 744, 909, 4619, 744, 1247, 793, 909, 4619, 909, 324, 4619, 1247, 793, 909, 226, 4619, 793, 5019, 3897, 3311, 176, 176, 4619, 4619, 226, 909, 909, 226, 909, 226, 909, 226, 226, 909, 129, 226, 2192, 4619, 226, 226, 82]"
290,"[440, 812, 812, 1696, 1864, 812, 440, 440, 812, 812, 2820, 2823, 440, 376, 812, 812, 2874, 812, 812, 3097, 812, 440, 1405, 812, 812, 4104, 440, 3693, 812, 812, 440, 812, 3083, 812, 635, 440, 3693, 1880, 440, 1696, 1729, 1147, 2870, 812, 812, 440, 812, 440, 3782, 440, 2210, 440, 1880, 440, 812, 812, 440, 812, 812, 3419, 4104, 812, 812, 2198, 4013, 440, 82, 82, 440, 324, 812, 4104, 440, 617, 440, 812, 3693, 3820, 812, 4812, 812, 440, 4775, 4812, 4812, 812, 440, 812, 440, 4812, 812, 4812, 812, 812, 499, 812, 812, 2899, 812, 3693, 440, 812, 2899, 812, 440, 29, 2706, 4104, 440, 812, 440, 76, 440, 440, 812, 499, 1381, 812, 1926, 812, 1381, 812, 2636, 1183, 812, 812, 440, 440, 3693, 4893, 812, 3693, 4812, 2210, 812, 812, 440, 812, 440, 5049, 3693, 5053, 812, 812, 3892, 4812, 4812, 812, 440, 812, 4812, 403, 4812, 812, 376, 1791, 440, 440]"
291,"[441, 1914, 1147, 406, 406, 1018, 141, 757, 61, 61, 406, 3043, 1294, 3982, 3065, 2488, 324, 2488, 3071, 4432, 3012, 4402, 3507, 3368, 2667, 1179, 3195, 3507, 363, 883, 2856, 363, 507, 3780, 3977, 3507, 2500, 324, 2045, 2856, 370, 3371, 2859, 1018, 406, 1450, 3507, 1729, 4488, 2859, 129, 169, 1670, 324, 3000]"
292,"[442, 475, 1191, 1364, 1936, 1224, 1018, 1219, 2293, 1936, 31, 504, 2998, 504, 1018, 337, 442, 927, 3061, 1219, 475, 2443, 443, 2626, 1219, 2314, 504, 3662, 1219, 504, 2187, 1018, 1018, 2187, 4070, 2572, 1075, 1018, 1018, 1966, 1018, 475, 1493, 333, 1936, 1018]"
293,"[444, 1095, 1099, 1095, 1099, 1864, 1095, 1099, 444, 1095, 410, 333, 333, 1095, 1099, 444, 1099, 444, 1095, 1099, 444, 1095, 1099, 444, 1095, 1099, 3944, 2958, 1095, 1099, 444, 1095, 1099, 3534, 3944, 2958, 1095, 1099, 2958, 3534, 1095, 1099, 1099, 1095, 1099, 444, 3182, 1095, 1099, 444, 1095, 1099, 444, 1095, 410, 333, 3211, 170, 249, 2637, 1099, 444, 3534, 1095, 1099, 444, 1095, 1099, 444, 1099, 1095, 1095, 3534, 1095, 1099, 1099, 1095, 3845, 76, 1095, 1099, 444, 3211, 1099, 1095, 1099, 444, 1095, 170, 1099, 3211, 1086, 4102, 1086, 1042, 1095, 1095, 1099, 1095, 1099, 2306, 76, 260, 1099, 444, 3534, 1099, 1095, 444, 1099, 1095, 1099, 444, 1095, 1095, 2306, 1555, 4915, 2306, 1042, 444, 1095, 76, 260, 1095, 1901, 1095, 2306, 2306, 1099, 2306, 444, 1095, 2306, 4915, 4232, 4953, 1095, 1095, 2306, 2306, 21, 1095, 1095, 4953, 1095, 4915, 4232, 2306, 1095, 3944, 2958, 1095, 2306, 4232, 2306, 1095, 2306, 2306, 1095, 1095, 2306, 4953, 4232, 1095, 1095, 2306, 4953, 4915, 2306, 2306, 1095, 2306, 4915, 4232, 2306, 1095, 4953]"
294,"[445, 450, 445, 1054, 445, 445, 1054, 1864, 445, 1054, 2019, 2040, 445, 445, 2328, 273, 1054, 445, 1054, 445, 273, 1054, 445, 445, 2019, 1054, 1054, 445, 2328, 445, 445, 2328, 445, 445, 1054, 445, 445, 2328, 1054, 445, 445, 2483, 445, 445, 1054, 445, 4091, 1054, 4091, 1018, 3084, 445, 1054, 445, 4091, 1054, 4091, 445, 1054, 445, 445, 2328, 1054, 445, 445, 4091, 456, 445, 2328, 1018, 445, 2328, 2328, 1054, 445, 4091, 450, 2762, 4182, 4182, 456, 1075, 499, 3764, 2328, 1054, 445, 4091, 2019, 2328, 450, 1054, 445, 2328, 273, 1054, 2019, 445, 2328, 4091, 2328, 445, 4091, 1054, 445, 445, 2328, 445, 1464, 1018, 445, 2019, 406, 445, 2019, 2328, 445, 4091, 1054, 445, 4585, 2019, 4091, 1054, 3276, 4585, 445, 2328, 445, 4589, 1475, 2019, 4091, 445, 4585, 1054, 445, 2328, 4589, 1475, 2038, 2721, 2899, 4091, 1054, 445, 2328, 2019, 445, 1054, 4091, 445, 445, 2328, 445, 2328, 2019, 3099, 445, 445, 2019, 2328, 450, 2328, 450, 1054, 445, 4585, 2328, 445, 2328, 2019, 1054, 445, 445, 2328, 450, 1054, 4585, 445, 2019, 450, 1054, 445, 445, 4091, 1054, 445, 1475, 1054, 445, 4585, 2019, 2040, 445, 2328, 4585, 445, 445, 2328, 4585, 2019, 450, 445, 2019, 445, 4585, 2019, 2328, 450, 445, 2328, 4091, 445, 4801, 1054, 4585, 2019, 4585, 2019, 445, 450, 445, 273, 2328, 4585, 1816, 445, 2019, 1054, 445, 4585, 4585, 2328, 445, 2328, 445, 445, 2328, 4585, 2019, 445, 2328, 2019, 4585, 445, 2328, 2019, 445, 445, 1054, 2328, 4585, 2019, 445, 2328, 445, 445, 273, 4585, 2328, 4091, 450, 445, 1054, 2328, 1723, 2328, 2019, 4585, 445, 445, 4091, 445, 450, 2328, 4081, 2931, 4091, 273, 4585, 2019, 1054, 445, 4585, 445, 445, 450, 1054, 1054, 445, 445, 4314, 4314, 2163, 2328, 4634, 1054, 4585, 445, 2019, 445, 2941, 445]"
295,"[448, 449, 449, 249, 549, 1571, 1015, 1211, 449, 448, 448, 449, 3179, 1887, 449, 449, 1506, 449, 449, 448, 448, 449, 448, 449, 3230, 380, 449, 449, 448, 449, 448, 449, 448, 3267, 449, 1433, 448, 1687, 448, 449, 449, 249, 449, 449, 3970, 449, 3230, 449, 449, 1645, 257, 449, 249, 449, 1183, 449, 448, 449, 1170, 31, 449, 449, 1506, 1645, 448, 3654, 2341, 449, 448, 449, 449, 3437, 449, 1310, 449, 449]"
296,"[451, 1009, 451, 1678, 1733, 1819, 1959, 2302, 2357, 2742, 451, 2974, 1951, 2975, 151, 1456, 1733, 1403, 1644, 151, 3070, 1009, 2459, 3510, 3537, 2974, 3755, 1104, 3816, 2669, 2245, 1903, 3887, 3260, 2974, 1988, 3118, 378, 3822, 2539, 451, 1292, 3887, 1904, 3233, 1195, 2932, 1195, 3755, 2483, 2974, 2974, 3755, 451, 4276, 151, 412, 1733, 1536, 2974, 1009, 2974, 2483, 1485, 443, 443, 451, 2302, 2974, 1292, 2293, 3084, 2626, 3755, 229, 3194, 2974, 4457, 423, 4471, 1614, 2974, 1009, 443, 23, 781, 3755, 2839, 285, 3755, 2839, 83, 1252, 1104, 20, 1799, 1750, 2763, 1119, 1009, 102, 1009, 443, 2974, 2914, 451, 252, 23, 1103, 3755, 451, 451, 3080, 2974, 1009, 1009, 23, 1292, 3326, 3755, 3755, 2459, 1951, 3887, 3200, 2340, 3076, 102, 2459, 1292, 451, 1009, 451, 189, 451, 2669, 3755, 510, 423, 4471, 3080, 2974, 4125, 451, 1119, 2974, 3292, 151, 3807, 3755, 2459, 3510, 3194, 1484, 2801, 23, 474, 423, 3292, 3292, 451, 451, 2974, 2302, 4471]"
297,"[456, 1982, 320, 1191, 20, 61, 372, 1731, 700, 2001, 2213, 1189, 502, 3367, 337, 61, 4463, 3779, 4023, 1706, 3447, 2001, 3377, 3790, 3677, 498, 1707, 328, 3271, 2001, 2553, 4598, 4814, 1749, 1659, 2001, 2540, 2732, 406, 61, 406, 3412, 3759, 2854, 82, 406, 4463, 3074, 364, 3519, 102]"
298,"[458, 882, 1055, 1864, 2552, 882, 882, 1129, 324, 1749, 3622, 882, 1179, 882, 1055, 1168, 4276, 882, 882, 1179, 882, 4375, 882, 4067, 882, 882, 4457, 1179, 882, 1757, 3622, 264, 882, 1192, 3335, 882, 1179, 882, 882, 2298, 882, 1534, 2106, 882, 882, 3835, 882, 245, 1941, 882, 1786, 882, 882, 1638, 882, 3121, 2141, 882, 5079]"
299,"[102, 443, 1638, 2688, 1613, 439, 3344, 3393, 3046, 3046, 3393, 1638, 3393, 4242, 3393, 1740, 3393, 4511, 3393, 3759, 4511, 4511, 3393, 443, 2703, 4700, 4511, 4511, 1638, 324, 4511, 4511, 4805, 3210, 2712, 312, 1638, 1577, 4511, 349, 4511, 4511, 1998, 4511, 241, 2500, 1638, 324, 2842, 1752, 4511, 4511, 4386, 3393, 1638, 2430, 517, 908]"
300,"[461, 957, 461, 1864, 461, 957, 461, 1475, 957, 461, 957, 461, 957, 461, 461, 957, 957, 461, 957, 3833, 461, 957, 1475, 957, 957, 461, 330, 4079, 461, 957, 1018, 957, 957, 1606, 957, 461, 461, 957, 461, 957, 461, 957, 957, 461, 3833, 461, 957, 461, 3833, 957, 461, 957, 957, 1018, 4079, 3833, 957, 957, 461, 461, 3833, 957, 3833, 461, 461, 3486, 461, 461, 3833, 2936, 461, 461, 957, 461, 4079, 461, 957, 461, 461, 3833, 461, 957, 461, 957, 957, 461, 461, 330, 257, 461, 461, 3833, 461, 957, 461, 957, 957, 461, 330, 957, 957, 461, 461, 957, 461, 461, 3833, 957, 957, 461, 2565, 1018, 461, 461, 957, 461, 461, 1252, 363, 1018, 957, 957, 461, 957, 957, 461, 2941, 957, 957]"
301,"[464, 2862, 3100, 3100, 2862, 3100, 3321, 324, 3100, 2862, 464, 3100, 3439, 2513, 1237, 3439, 1551, 4407, 3439, 2481, 3439, 464, 4584, 3439, 464, 3248, 1318, 3439, 3439, 1873, 3439, 2232, 3130, 4584, 1873, 2453, 793, 1030, 3213, 369, 2469, 3439, 3439, 4584]"
302,"[465, 824, 824, 254, 465, 2908, 465, 824, 465, 824, 824, 3345, 3812, 824, 824, 465, 824, 824, 1423, 824, 824, 1625, 78, 824, 824, 465, 4077, 824, 4132, 1950, 824, 824, 465, 824, 465, 824, 465, 324, 824, 824, 465, 824, 3276, 1423, 4441, 824, 465, 824, 824, 4225, 824, 824, 465, 1130, 824, 824, 1130, 465, 824, 465, 824, 824, 465, 824, 3485]"
303,"[466, 1702, 1702, 418, 2130, 407, 407, 2130, 407, 407, 466, 3033, 466, 466, 1205, 466, 3033, 3033, 466, 3543, 407, 1702, 1702, 2130, 2963, 466, 466, 3758, 3871, 2130, 466, 466, 226, 1030, 3758, 2130, 2130, 466, 2130, 2963, 159, 466, 2130, 176, 466, 1702, 1702, 466, 257, 1716, 4436, 418, 466, 466, 176, 3033, 466, 1702, 466, 2271, 249, 207, 1812, 257, 1702, 3849, 466, 466, 3648, 1702, 466, 1702, 1702, 466, 1702, 176, 1645, 1702, 176, 466, 1702, 466, 466, 1591, 3033, 1702, 1702, 1585, 4940, 4940, 1702, 176, 4544, 466, 3543, 1507, 2130, 2130, 466, 2130, 257, 466, 257, 4348, 4893, 466, 1716, 466, 2130]"
304,"[468, 468, 2604, 468, 2722, 468, 1175, 3098, 2604, 3611, 2604, 468, 468, 3116, 3611, 2604, 468, 468, 2604, 3611, 2604, 2604, 4375, 2876, 2321, 2373, 2321, 2604, 3601, 468, 2604, 468, 3611, 2604, 468, 468, 2604, 468, 2604, 3224, 3611, 468, 2604, 468, 3977, 3863, 468, 1213, 2604, 468, 468, 3977, 3611, 2604, 2321, 468, 3150, 3863, 3611, 468, 3611, 3611, 468, 2604, 3144, 3977, 3611, 2944, 2321, 468, 3863, 468, 2604, 2604, 324, 2604, 468, 3863, 468, 2604, 3611, 3863, 3773, 3863, 3611]"
305,"[472, 976, 1283, 1406, 472, 1409, 1283, 1406, 1409, 1283, 472, 1406, 1409, 1406, 1409, 472, 1406, 1409, 472, 1283, 1406, 1409, 472, 1283, 472, 1409, 1406, 3874, 1406, 1409, 472, 1950, 1406, 1409, 472, 1283, 472, 1406, 1409, 1283, 325, 4082, 1283, 3796, 1406, 472, 1406, 1406, 1409, 472, 472, 1406, 1409, 1406, 472, 3796, 3796, 1409, 1406, 472, 3654, 1283, 1406, 1409, 1890, 1406, 1409, 472, 472, 1406, 1409, 1283, 3796, 1406, 472, 1409, 3796, 472, 1406, 1409, 1283, 3796, 1409, 472, 1406, 472, 1409, 1406, 1406, 472, 1406, 472, 1409, 1283, 1283, 472, 1406, 1406, 1409, 472, 30, 1406, 472, 3834, 82, 1283, 1406, 1409, 472, 1283, 1406, 472, 1283, 1409, 1406, 472, 30, 1406, 472, 1409, 30, 4779, 4779, 4095, 4779, 4779]"
306,"[422, 926, 1145, 1292, 1312, 1319, 1504, 1561, 324, 23, 1989, 443, 2048, 926, 926, 422, 926, 3216, 337, 1872, 3322, 324, 2341, 82, 2422, 1312, 1292, 926, 1145, 391, 631, 4135, 1701, 3283, 1292, 1145, 1596, 926, 3705, 3679, 1292, 926, 1145, 926, 2818, 1292, 926, 926, 1145, 3148, 926, 4523, 2442, 1312, 1464, 3848, 2875, 4471, 926, 3068, 926, 2171, 1145, 1153, 1528, 406, 926, 3, 1145, 926, 926, 1680, 1739, 3539, 1701, 1872, 926, 1145, 926, 1145, 1147, 559, 926, 4286, 4261, 3517, 4700, 3397, 1145, 926, 3, 1729, 1729, 926, 926, 309, 3969, 309, 926, 4762, 1145, 926, 3, 926, 926, 1292, 552, 926, 4762, 1145, 1989, 3279, 1823, 2714, 3068, 926, 4762, 324, 1312, 1596, 926, 1145, 1989, 926, 926, 1989, 1104, 926, 1145, 1555, 926, 3, 4762, 1145, 1555, 926, 926, 151, 446, 4382, 4229, 4762, 1752, 1153, 446, 1292, 151, 926, 2818, 4422, 926, 3254, 4762, 1145, 3698, 1989, 1332, 2614, 1872, 1145, 1361, 926, 2164, 926, 4950, 2359, 4950, 1292, 1103, 1668, 2784, 926, 926, 1104, 926, 926, 552, 926, 926, 4762, 324, 4893, 3795, 926, 1145, 3068, 926, 1974, 926, 552, 309, 3904, 4554, 1989, 4417, 2359, 1145, 5075, 324]"
307,"[474, 700, 880, 880, 669, 1577, 324, 1423, 880, 880, 2626, 82, 880, 880, 2646, 880, 880, 700, 2512, 2038, 82, 406, 880, 880, 1219, 880, 880, 2512, 2387, 700, 700, 880, 880, 324, 324, 880, 880, 700, 880, 3968, 812, 2512, 1717, 880, 880, 1638, 880, 880, 20, 324, 82, 324, 1995, 2545, 2512, 880, 880, 324, 2820, 61]"
308,"[476, 958, 1324, 2165, 2186, 236, 2244, 1744, 617, 617, 2296, 2296, 2462, 476, 516, 210, 476, 2165, 2186, 2296, 1170, 257, 2296, 476, 2296, 2296, 3313, 476, 2296, 3623, 958, 2165, 3313, 2296, 476, 2296, 2296, 476, 3313, 3929, 2296, 476, 958, 3313, 2296, 476, 3680, 2296, 3313, 476, 958, 2296, 476, 3623, 2296, 2186, 2165, 958, 3313, 2296, 4391, 958, 2296, 2296, 476, 958, 3929, 476, 2186, 2186, 3929, 1324, 3929, 476, 958, 1324, 4391, 958, 3313, 2296, 3623, 2186, 1324, 4391, 2296, 2296, 958, 476, 3680, 958, 958, 2165, 3680, 2165, 2296, 3929, 476, 3313, 2296, 958, 2296, 2296, 2186, 2186, 2165, 363, 1170, 2186, 3929, 2296, 4391, 2186, 4391, 2296, 3680, 2186, 3313, 363, 2296, 1324, 958, 3929, 4391, 3313, 4391, 3929, 3313, 2186, 958, 3313, 1324, 2165, 3929, 958, 4391, 3929, 476, 3313, 4391, 958, 2296, 476, 958, 3313, 3313, 476, 3623, 3313, 958, 3313, 3929, 3623, 3313, 958, 2296, 2186, 257, 476, 2296, 3313, 958, 3313, 958, 3623, 3929, 363, 1170, 1170, 3623, 476, 958, 958, 3313, 2296, 4391, 958, 2165, 2296, 4391, 3623, 1324, 2296, 3313, 3313, 4391, 3680, 3313, 476, 476, 3680, 476, 2165, 958, 3313, 4391, 3680, 1, 2296, 3929, 476, 3313, 2296]"
309,"[482, 500, 482, 500, 500, 2406, 500, 500, 2406, 2697, 2331, 2697, 482, 2406, 500, 3148, 500, 1018, 102, 357, 1362, 1747, 500, 2406, 2406, 229, 141, 2697, 482, 500, 500, 2406, 2697, 2406, 2406, 2697, 482, 500, 2406, 500, 2406, 500, 499, 500, 2406, 2406, 500, 2406, 2697, 3217, 2697, 482, 500, 3103, 500, 2406, 102, 3978, 2249, 500, 500, 2406, 500, 2406, 500, 458, 4290, 2406, 2697, 482, 482, 4153, 1671, 530, 500, 2406, 2406, 500, 500, 2406, 229, 500, 2866, 3519, 482, 500, 2483, 2406, 3272, 3148, 2697, 2406, 2406, 3008, 2406, 1729, 1913, 406]"
310,"[433, 83, 1864, 433, 2308, 1498, 1930, 2609, 433, 2141, 2887, 2860, 2934, 3693, 2623, 1015, 3776, 3346, 1602, 682, 2390, 3885, 433, 406, 406, 3885, 433, 2934, 504, 1475, 3223, 4276, 3790, 3050, 3885, 3885, 1717, 433, 2860, 3693, 4442, 3885, 83, 775, 3014, 2934, 2303, 3885, 4568, 2860, 226, 257, 78, 4292, 2717, 3885, 1475, 1498, 3885, 2934, 3050, 3885, 433, 102, 2860, 4568, 2303, 3050, 3885, 3885, 2934, 3883, 208, 2612, 3885, 3885, 3050, 608, 2055, 3236, 2723, 872, 3885, 3885, 433, 378, 3885, 3885, 433, 2303, 3050, 4801, 2934, 2205, 2851, 3607, 3607, 2934, 3885, 2463, 324, 3885, 3885, 2860, 3885, 2303, 3885, 3885, 3341, 2860, 3885, 3885, 2934]"
311,"[484, 486, 486, 1087, 486, 1437, 1494, 486, 486, 1836, 1494, 102, 486, 486, 1494, 486, 1239, 1494, 1437, 486, 1494, 106, 3334, 1437, 1494, 486, 1494, 486, 486, 1836, 486, 486, 1494, 486, 484, 486, 1836, 1494, 1437, 1494, 106, 1494, 106, 1494, 1437, 486, 1494, 486, 484, 1836, 106, 1239, 1494, 486, 484, 486, 484, 486, 1836, 1437, 486, 1836, 1494, 486, 1836, 1494, 1437, 486, 486, 484, 1836, 1437, 3334, 486, 1494, 1087, 486, 106, 4447, 484, 1494, 484, 484, 4447, 1836, 1437, 1087, 486, 1437, 486, 1836, 106, 1239, 249, 1437, 486, 4447, 486, 486, 249, 1494, 1494, 1836, 3334, 1239, 106, 1437, 486, 486, 106, 1494, 1437, 1836, 106, 1239, 249, 1494]"
312,"[485, 940, 940, 1430, 1430, 2181, 940, 940, 3259, 1430, 940, 940, 1430, 1430, 3259, 940, 940, 1430, 940, 1430, 940, 940, 3259, 940, 1430, 1430, 249, 3439, 940, 3439, 249, 3439, 3439, 226, 2293, 1430, 3259, 3439, 940, 1430, 226, 940, 940, 3439, 940, 4805, 940, 940, 3259, 1576, 1737, 940, 1627, 226, 2687, 442, 226, 3407, 940, 940, 2985, 3259, 3259, 485, 3259, 940, 3259, 3259, 940, 3259, 940, 3259]"
313,"[366, 493, 2176, 1635, 1659, 3745, 335, 4023, 2489, 324, 4191, 1154, 525, 2935, 525, 4060, 2334, 2065, 493, 2985, 427, 3679, 2065, 1671, 1635, 3699, 61, 2024, 134, 1119, 3135, 292, 292, 1620, 292, 652, 617, 1990, 3964, 26, 624, 1664, 292, 4683, 3338, 2410, 4135, 292, 353, 763, 292, 4145, 474, 1548, 2765, 376, 292, 1635, 406, 1635, 311]"
314,"[487, 631, 945, 1084, 945, 1760, 1822, 1084, 2248, 487, 631, 2382, 487, 2248, 2942, 2248, 1822, 1084, 487, 2382, 1084, 1822, 2382, 3375, 1084, 945, 945, 631, 1822, 945, 1084, 1084, 631, 2382, 945, 1084, 1822, 3799, 3375, 1760, 1822, 2382, 3375, 631, 1084, 1050, 2942, 631, 2382, 2248, 1822, 1822, 1084, 3676, 1822, 945, 631, 1084, 2382, 2248, 1822, 1822, 2382, 1084, 631, 2382, 1084, 1084, 631, 1084, 945, 1364, 631, 1760, 1822, 1760, 1822, 2382, 1084, 1822, 2382, 1084, 1822, 1084, 3375, 2382, 1084, 631, 2382, 945, 631, 2248, 2382, 1084, 1822, 2248, 1084, 1084, 945, 1084, 1760, 1822, 189, 1084, 631, 945, 2248, 1084, 2942, 1084, 2942, 945, 1084, 1822, 2382, 1822, 2248, 1717, 631, 2248, 631, 3375, 2382, 631, 487, 2382, 487, 3375, 945, 1822, 2382, 1084, 2248, 631, 2382, 1084, 1084, 487, 631, 2942, 3799, 631, 1084, 631, 1822, 1084, 1822, 631, 2248, 3375, 1084, 1761, 1761, 1084, 1084, 487, 945, 631, 1822, 631, 2248, 1084, 2248, 2382, 1084, 631, 3829, 1084, 945, 1084, 3799, 3799, 1084, 1822, 4823, 631, 3829, 2294, 1084, 504, 1822, 4823, 189, 631, 2382, 4992, 487, 945, 1822, 4823, 4992, 189, 4992, 1084, 4992, 631, 1084, 1084, 2942, 3375, 4992, 406, 1084, 945, 3799, 1822, 189, 4992, 1822, 4823, 3375, 2382, 4992, 1084, 2248, 4992, 1822, 1084, 945, 1822, 4823, 4992, 487, 4992, 631, 4992, 4992, 631, 4823, 1084, 2248, 4823, 4992, 2942, 3829, 189, 4992, 4992, 1084, 4992, 3799, 4823, 4992, 631, 3829, 631, 504, 4823, 631, 3829, 631, 631, 3829, 631, 4992, 3799, 2248, 4823, 1084, 3799, 4823, 4823, 1084, 3092, 4992, 1084, 487, 945, 4992, 4823, 1760, 4823, 5080, 1822]"
315,"[489, 924, 1366, 489, 1366, 1488, 489, 101, 337, 2610, 489, 504, 2899, 66, 2610, 337, 337, 2610, 1366, 532, 504, 3733, 541, 337, 2610, 3099, 2610, 489, 3099, 2693, 504, 337, 442, 3325, 3423, 283, 2610, 2610, 337, 1366, 4357, 337, 1385, 1119, 337, 489, 4357, 406, 4488, 3099, 1039, 631, 3359, 2610, 4357, 4357, 337, 489, 337, 504, 337, 337, 1614, 337, 283, 4357, 3234, 337, 249, 489, 249, 489, 707, 3099, 267, 1366, 1385, 2610, 337, 1366, 249, 1372, 443, 337, 249, 151, 283, 283, 406, 771, 249, 151, 771, 504, 598, 1372, 771, 771]"
316,"[492, 735, 797, 959, 324, 492, 1864, 735, 492, 797, 492, 492, 735, 492, 797, 959, 1708, 2032, 114, 797, 492, 959, 492, 1758, 797, 492, 735, 735, 3700, 959, 735, 797, 3871, 797, 492, 735, 797, 492, 735, 797, 492, 959, 365, 735, 959, 492, 797, 492, 735, 492, 797, 797, 4276, 1087, 106, 4236, 92, 4055, 3639, 2609, 797, 3524, 492, 378, 207, 1087, 122, 492, 4419, 748, 4436, 4419, 748, 4419, 748, 4419, 748, 4419, 1627, 1887, 3211, 1836, 4419, 4419, 1087, 504, 4419, 114, 4419, 1708, 4419, 4419, 748, 950, 748, 4419, 2876, 4419, 4419, 1018, 1202, 1836, 4031, 410, 321, 333, 4419, 1955, 4419, 4419, 4893, 4893, 4419, 4419, 5048, 5053, 1836, 4419, 4419, 452, 492, 4419]"
317,"[494, 766, 766, 1496, 332, 3209, 3260, 1456, 3206, 1614, 541, 766, 4090, 3183, 1820, 3015, 1982, 3015, 1773, 332, 3015, 4150, 766, 4433, 3790, 766, 3152, 2170, 3369, 1024, 2478, 766, 332, 1728, 766, 332, 3189, 234, 766, 332, 332]"
318,"[495, 2272, 428, 2652, 2669, 1528, 328, 4405, 624, 328, 4272, 2544, 2585, 2942, 1765, 2047, 328, 4410, 3299, 1744, 617, 1622, 2895, 1872, 1123, 3095, 3601, 4034, 2942, 2669, 1528, 61, 2047, 328, 4149, 1405]"
319,"[496, 496, 2584, 2731, 496, 2997, 2742, 496, 496, 192, 1594, 2584, 496, 496, 192, 2731, 2997, 2731, 2584, 4442, 2898, 1018, 2731, 2731, 3432, 2742, 1018, 2661, 1959, 2731, 2543, 2584, 2731, 2584, 3738, 2731, 2584, 2731, 2584, 2584, 1170, 2731, 2584, 2584, 2135, 1356, 2584]"
320,"[497, 1804, 1827, 497, 2337, 1827, 497, 1827, 497, 2951, 3107, 497, 1120, 497, 2337, 2337, 497, 1120, 1827, 1827, 497, 1120, 1804, 2951, 2337, 1827, 497, 2337, 1827, 497, 497, 3107, 1804, 1827, 497, 466, 1827, 497, 2951, 1827, 497, 3107, 497, 2402, 497, 497, 1827, 497, 497, 1120, 497, 3107, 4404, 1827, 497, 2951, 497, 1827, 497, 2337, 1827, 497, 2337, 497, 3107, 1827, 497, 2951, 1827, 497, 1827, 497, 497, 1827, 497, 497, 1827, 1827, 4650, 2951, 2337, 497, 497, 2337, 497, 2337, 2951, 4650, 1827, 1827, 1120, 2951, 497, 1827, 497, 1827, 2337, 497, 1804, 2951, 497, 1827, 1827, 497, 1827, 1827, 497, 2337, 497, 2337, 1827, 497, 497, 1827, 497, 497, 4404, 1804, 497, 3107, 1827, 2337, 1827, 497, 497, 4925, 1804, 4650, 1120, 497, 1804, 1827, 1827, 2337, 3107, 3107, 497, 4925, 2337, 1827, 1827, 497, 3107, 4925, 1827, 1827, 497, 4925, 1804, 1827, 1827, 497, 3107, 4925, 1827]"
321,"[499, 884, 1321, 1321, 2281, 2409, 1321, 1381, 2281, 2987, 2409, 2281, 370, 129, 2409, 1321, 129, 1321, 580, 2281, 2409, 1321, 1321, 2281, 1321, 2987, 1321, 3787, 2409, 2987, 1321, 2987, 2409, 370, 2987, 1321, 2987, 1321, 1321, 4520, 1321, 2281, 884, 2281, 2480, 3084, 580, 2987, 3123, 2987, 499, 1321, 884, 2987, 2987, 1321, 1381, 1321, 229, 2409, 402, 441, 2739, 1321, 3294, 1321, 2409, 2281, 3977, 1321, 2281, 884, 2281, 580, 2281, 1321, 2987, 1593, 1075, 1729, 2409, 884, 884, 2987, 2281, 1667, 1721, 2281, 2987, 376, 1321, 370, 2409, 465, 1321, 4386, 3864, 1321, 1925, 1321, 2281, 4102, 1321, 580, 1321, 884]"
322,"[502, 1533, 1202, 324, 324, 1872, 2277, 2682, 85, 336, 3274, 3317, 2099, 3317, 1104, 3669, 707, 3669, 4148, 336, 1104, 336, 435, 1872, 3317, 324, 994, 3317, 3092, 336, 3317, 336, 1189, 2001, 3317, 1533, 1635, 1555, 994, 1533, 3886, 2676, 1735, 175, 336, 2536, 336, 3837, 324, 324, 1872, 4543, 339, 336, 1173, 771, 336, 1872, 336, 3974, 3317, 3886, 336, 3367, 3272, 336, 1202, 4249, 336, 3317, 2659, 4893, 3317, 3822, 3317, 3317, 1976, 324]"
323,"[505, 182, 555, 182, 1525, 505, 1389, 1389, 1019, 1525, 505, 182, 1525, 505, 1475, 1525, 505, 182, 182, 1170, 1525, 505, 182, 1525, 182, 1611, 1791, 182, 505, 182, 1525, 505, 2271, 1611, 182, 1525, 505, 1525, 505, 182, 3737, 1525, 505, 182, 182, 3871, 505, 182, 182, 1525, 505, 3784, 3238, 1525, 505, 182, 1525, 505, 182, 1525, 505, 4215, 1525, 505, 1525, 182, 1525, 505, 182, 182, 1525, 505, 4215, 182, 1525, 505, 1525, 505, 182, 505, 4215, 2271, 182, 3737, 4215, 1525, 505, 1525, 1525, 505, 505, 1525, 1525, 505, 4215, 1525, 182, 1525, 505, 3505, 4215, 3737, 182, 4215, 4215, 182, 505, 1525, 3505, 78, 4215, 182, 2694, 1525, 505, 4215, 182, 1525, 505, 505, 1525, 182, 182, 4215, 78, 1525, 505, 4215, 4215, 1525, 505, 182, 4215, 1525, 505, 4215, 1525, 505, 182, 182, 3737, 555, 2271, 78, 505, 1525, 1525, 505, 182, 505, 1525, 1525, 505, 4584, 182, 182, 3737, 4584, 1525, 505, 505, 1525, 410, 182, 3737, 1525, 505, 3505, 182, 505, 182, 4584, 505, 1525, 182, 182, 505, 1525, 1525, 182, 182, 505, 1525, 1525, 2654, 684, 1494, 1525, 505, 505, 182, 3737, 3737, 182, 3737, 1525, 505, 1525, 505, 182, 4584, 4584, 2654, 1525, 505, 1525, 2915, 2935, 1525, 505, 2271, 4584, 182, 78, 427, 505, 1525, 505, 1525, 3737, 182, 1525, 505, 1525, 78, 1525, 505, 78, 334, 3737, 182, 182, 1525, 505, 182, 1525, 505, 182, 3737, 1525, 505, 182, 1525, 1525, 505, 1611, 1488, 1525, 505, 505, 1525, 3238, 1525, 505, 505, 1525, 505]"
324,"[506, 851, 1880, 991, 851, 851, 283, 3379, 851, 851, 283, 851, 3969, 910, 851, 61, 1914, 4276, 2341, 851, 851, 1611, 3517, 851, 4189, 2521, 851, 851, 2540, 851, 851, 689, 324, 1907, 3511, 616, 78, 4893, 1129, 851, 352, 1638, 2038, 5079]"
325,"[507, 1735, 423, 507, 3348, 3246, 507, 423, 2001, 423, 2310, 423, 2517, 1791, 423, 2310, 2310, 4231, 4422, 3705, 3578, 2001, 3771, 3012, 4231, 423, 2310, 2237, 3401, 2001, 2310, 3348, 2310, 3289, 3348, 2310, 2310, 2577, 4034, 4231, 2653, 423, 2866, 423, 2310, 4422, 3076, 20, 4193, 848, 4193, 3780, 4530, 4530, 4016, 423, 2310, 102]"
326,"[321, 1148, 321, 1538, 321, 321, 1945, 2238, 2238, 321, 1538, 321, 321, 2238, 1148, 2238, 1538, 2238, 321, 2238, 321, 382, 321, 1148, 439, 321, 1538, 4410, 2238, 1945, 2023, 1148, 439, 382, 321, 3220, 321, 2238, 2238, 321, 2023, 439, 4022, 382, 439, 321, 439, 321]"
327,"[509, 986, 1450, 36, 1618, 1667, 1668, 18, 1103, 1864, 1968, 2603, 2603, 3139, 2410, 1968, 26, 23, 2603, 2603, 2249, 2603, 2603, 950, 1968, 3850, 3871, 2668, 1355, 3882, 2603, 2603, 4017, 2603, 2603, 2540, 1659, 2853, 2716, 4276, 4276, 1968, 102, 2603, 1537, 324, 2853, 1075, 18, 4242, 2603, 1667, 2603, 4242, 1035, 2668, 4242, 18, 3832, 2603, 2603, 1536, 328, 2603, 1533, 1450, 1667, 1659, 968, 1968, 1537, 2603, 2603, 1824, 1075, 2603, 2603, 3850]"
328,"[517, 1288, 517, 1288, 2448, 2448, 517, 1288, 1288, 4112, 3597, 3261, 31, 3628, 1632, 1147, 1343, 2859, 3082, 4112, 1343, 4112, 4036, 1288, 2448, 1249, 4112, 4112, 1249, 740, 4112, 2163, 1342, 1288, 517, 1249, 106, 4112, 4386, 1288, 3210, 4112, 4112, 1288, 3756, 1652, 4112, 1288, 1249, 4112, 4112, 3326, 517, 1249, 1288, 4112, 1576, 4740, 2011, 3216, 4112, 1576, 684, 2679, 227, 312, 1288, 1249, 1576, 1288, 31]"
329,"[518, 702, 819, 1039, 1222, 702, 1865, 2002, 2003, 2008, 518, 2087, 702, 819, 702, 819, 1978, 2002, 518, 819, 819, 2856, 1865, 2002, 2087, 819, 2002, 518, 1865, 2087, 702, 702, 2002, 819, 2002, 518, 819, 3667, 2087, 1654, 245, 3699, 2087, 1865, 702, 819, 2002, 2087, 2002, 3515, 702, 819, 819, 1865, 2002, 702, 1570, 2087, 2002, 2002, 819, 2187, 1865, 3515, 2002, 2002, 702, 2087, 702, 819, 324, 702, 2241, 702, 3515, 2087, 1865, 702, 4070, 2087, 702, 2764, 702, 819, 2087, 2002, 702, 819, 2087, 2801, 2002, 518, 702, 2002, 2002, 1865, 2002, 66, 4070, 702, 702, 819]"
330,"[297, 297, 582, 582, 176, 582, 2222, 2360, 297, 582, 2222, 2360, 582, 1475, 582, 582, 3075, 582, 297, 582, 2360, 2222, 582, 2594, 582, 3550, 582, 2222, 2222, 4589, 582, 2222, 582, 2222, 3069, 2222, 2222, 582, 582, 4464, 582, 297, 582, 297, 582, 2360, 582, 582, 297, 582, 582, 297, 2222, 2222, 297, 2222, 2360, 297, 582, 2594, 582, 582, 297, 2222, 582, 582, 2222, 582, 2222, 176, 1061, 297, 582, 582, 2222, 582, 297, 582, 582, 3849, 176, 2222, 2222, 297, 176, 406]"
331,"[519, 519, 102, 806, 1009, 519, 806, 519, 1485, 1493, 226, 519, 245, 519, 519, 102, 519, 519, 102, 443, 806, 519, 519, 102, 806, 102, 519, 519, 102, 61, 61, 102, 519, 3565, 519, 443, 806, 3565, 519, 519, 806, 443, 519, 3565, 519, 519, 4293, 1075, 2512, 519, 519, 443, 806, 519, 443, 519, 519, 806, 3339, 2009, 3565, 519, 519, 102, 102, 519, 519, 102, 519, 2008, 1880, 3055, 3099, 363, 145, 3776, 3099, 102, 2269, 519, 519, 3339, 406, 406, 519, 519, 102, 806, 519, 102, 806, 102, 519, 519, 806, 806, 519, 443, 806, 102, 519, 23, 2815, 519, 3055, 3997, 519, 519, 102, 519, 519, 806, 443, 519, 519, 443, 2269, 519, 519, 1209, 2512, 1423, 519, 806, 519, 519, 102, 806, 519, 519, 443, 443, 519, 3339, 519, 806, 443, 519, 102, 806, 3055, 3099, 2535, 519, 1423, 2512, 519, 519, 806, 519, 519, 3134, 519, 2512, 519, 519, 61, 519, 519, 443, 806, 519, 3565, 519, 1423, 2568, 1600, 519, 519, 806, 102, 519, 3359, 519, 519, 1493, 519, 519, 806, 806, 519, 806, 3339, 2009, 2815, 519, 3372, 519, 3910, 519, 352, 31, 1219, 3074, 2512, 519, 3565, 519, 519, 61, 656, 519, 519, 806, 2535, 519, 806, 2829, 2132, 2132, 443, 519, 3910, 519, 3339, 76, 519, 2237, 3074, 2512, 519, 3339, 519, 3565, 3020, 102, 519, 102, 102, 519, 519, 806, 443, 102, 806, 519, 3565, 102, 806, 443, 519, 3491, 2842, 519, 2801, 102, 519, 4293, 3565, 2820, 4467, 519, 3393]"
332,"[521, 1510, 521, 1783, 521, 1864, 1510, 521, 169, 1030, 867, 26, 129, 521, 521, 1510, 521, 1510, 521, 521, 169, 1887, 129, 521, 521, 4082, 521, 4238, 1510, 3267, 1685, 1510, 521, 1510, 1783, 521, 521, 1783, 521, 521, 4436, 1510, 521, 1510, 1510, 521, 1510, 521, 1510, 521, 521, 1783, 1783, 4658, 1783, 1510, 1510, 521, 1783, 1510, 129, 1510, 1783, 1783, 1510, 1783, 1783, 521, 1783, 1510, 1783, 521, 169, 1887, 4094, 175, 292, 1783, 1783, 521, 1030, 1783]"
333,"[522, 523, 734, 736, 803, 804, 807, 210, 463, 1112, 1142, 463, 1112, 804, 803, 210, 210, 807, 463, 1112, 1743, 405, 405, 1796, 1795, 210, 736, 210, 405, 1796, 1930, 1948, 1743, 378, 1864, 210, 1142, 597, 736, 734, 736, 1142, 807, 210, 1795, 1112, 734, 1142, 378, 1795, 1571, 1743, 1285, 1252, 2531, 405, 405, 210, 1112, 516, 1018, 1018, 1112, 1018, 70, 2699, 405, 523, 734, 736, 210, 803, 804, 807, 736, 523, 210, 736, 734, 523, 803, 804, 807, 210, 463, 867, 3287, 378, 210, 1795, 1142, 522, 405, 405, 1796, 210, 867, 867, 736, 210, 463, 1112, 151, 1112, 736, 522, 523, 210, 803, 804, 463, 1112, 1112, 736, 734, 378, 1044, 3528, 1015, 1112, 1112, 210, 736, 523, 734, 522, 3645, 1743, 249, 3694, 2335, 3287, 3287, 598, 736, 405, 405, 1796, 210, 736, 210, 736, 734, 803, 804, 523, 3645, 522, 210, 804, 807, 463, 1112, 2956, 2956, 3287, 598, 1795, 523, 734, 736, 3645, 803, 807, 804, 1611, 2437, 2244, 597, 3287, 210, 803, 736, 804, 807, 523, 463, 1112, 1112, 2632, 1576, 3287, 1795, 210, 734, 523, 522, 3645, 804, 807, 463, 736, 210, 378, 3451, 3528, 1044, 1112, 1112, 1743, 1142, 736, 3645, 523, 210, 405, 405, 874, 38, 3727, 736, 522, 523, 3645, 804, 803, 807, 1743, 378, 3287, 210, 1795, 1142, 736, 734, 523, 522, 3645, 210, 405, 1796, 405, 1456, 1456, 736, 523, 803, 804, 807, 210, 1112, 3287, 210, 1795, 598, 736, 734, 803, 804, 807, 1112, 378, 736, 523, 1142, 1795, 210, 378, 598, 321, 2344, 1568, 1576, 405, 405, 210, 736, 523, 803, 804, 807, 210, 1112, 4276, 1043, 210, 736, 522, 523, 804, 803, 807, 210, 1112, 736, 522, 734, 3645, 803, 804, 807, 1112, 3287, 1795, 210, 736, 3645, 804, 803, 807, 803, 804, 1112, 3287, 210, 4395, 736, 522, 111, 210, 378, 3287, 321, 2734, 3534, 1435, 378, 210, 598, 736, 803, 807, 210, 804, 324, 3287, 736, 522, 734, 3645, 210, 3215, 3645, 4395, 736, 807, 804, 803, 210, 324, 357, 3451, 378, 1795, 4395, 804, 210, 1659, 3287, 378, 210, 522, 734, 736, 4395, 804, 803, 807, 210, 463, 1112, 1743, 378, 3287, 522, 736, 4395, 1142, 210, 1795, 3287, 3430, 463, 3999, 1112, 4395, 736, 210, 378, 1873, 3763, 210, 736, 3645, 463, 1112, 736, 803, 807, 804, 210, 463, 1112, 1528, 3287, 378, 736, 522, 807, 804, 1112, 1743, 3287, 378, 523, 523, 4395, 803, 807, 804, 210, 1576, 2329, 226, 1743, 1285, 210, 597, 1795, 736, 4589, 3645, 210, 736, 405, 1796, 405, 210, 1456, 1456, 1285, 463, 151, 804, 807, 736, 803, 807, 463, 1112, 151, 151, 1112, 736, 523, 4395, 807, 210, 1925, 1921, 210, 3999, 736, 523, 522, 736, 1112, 463, 1528, 516, 598, 1252, 2437, 1325, 1796, 405, 405, 736, 523, 522, 405, 405, 1047, 1059, 1456, 1456, 736, 378, 210, 3165, 3639, 463, 1112, 151, 1743, 210, 598, 736, 3645, 803, 807, 804, 210, 463, 523, 803, 1112, 736, 734, 523, 210, 807, 523, 210, 523, 3645, 2358, 734, 736, 5042, 210, 736, 3645, 111, 3287, 736, 734, 522, 3645, 523, 210, 5042, 111, 597, 3287, 1528, 4395, 522, 111, 1322, 1112, 522, 3645, 4395, 3287, 5042, 5042, 522, 3645, 1325, 5042, 734, 522, 3287, 734, 523, 522, 523, 5079]"
334,"[321, 527, 333, 333, 321, 176, 333, 527, 321, 2344, 2469, 333, 527, 1139, 175, 439, 329, 786, 558, 2443, 333, 1431, 439, 321, 2612, 950, 3353, 3938, 527, 321, 527, 439, 2344, 1716, 2344, 2344, 3834, 2181, 176, 2344, 2469, 333, 333, 439, 2469, 321, 3451, 2900, 2344, 3555, 321, 333, 2344, 2344, 3555, 4218, 321, 333, 3555, 226, 2632, 2876, 1389, 249, 1563, 1707, 3998, 2298, 321, 3451, 1526, 2876, 1015, 820, 102, 1445, 2344]"
335,"[526, 1015, 227, 275, 1121, 1015, 1121, 526, 2030, 2335, 526, 1121, 275, 309, 1121, 526, 1121, 526, 227, 1015, 309, 1121, 1121, 526, 1015, 3341, 1030, 1015, 227, 321, 1121, 526, 1121, 526, 321, 1121, 3764, 526, 2030, 526, 1998, 2848, 1042, 357, 1121, 1121, 526, 1121, 275, 526, 1121, 526, 1121, 1121, 3784, 526, 1121, 4680, 4693, 1121, 4693, 4693, 4680, 4680, 227, 4693, 1015, 227, 4680, 2782, 4693, 1998, 151, 2030, 4693, 4680, 4693, 1015, 227, 50, 2781, 2782, 4449, 4448, 1674, 4078, 4680, 227, 315, 4693, 35, 4693, 227, 4693, 2030, 3740, 315, 4680, 1015, 35, 1998, 1015, 227, 50, 4693, 315, 4078, 4680, 321, 4693, 227, 50, 4078, 4680, 1998, 227, 50, 4078, 4680, 489, 50, 4078, 4680, 4680, 4078, 4693, 2469, 4680]"
336,"[529, 577, 643, 643, 591, 1079, 643, 1079, 1853, 1079, 643, 643, 577, 577, 643, 529, 643, 1079, 577, 3445, 577, 2557, 2557, 577, 577, 643, 577, 643, 1079, 1079, 1853, 643, 2557, 577, 643, 643, 4276, 643, 577, 529, 643, 2557, 2557, 643, 577, 643, 643, 577, 529, 577, 577, 643, 577, 643, 643, 577, 643, 643, 529, 1853, 643, 577, 4589, 577, 643, 577, 529, 577, 577, 330, 577, 1853, 577, 577, 643, 577, 529, 3052, 3052, 4737, 577, 577, 129, 643, 577, 129, 577, 529, 1079, 943, 529, 4648, 529, 529, 1475, 577, 3436, 1853, 577, 529, 577, 1853, 1404, 643, 529, 4648, 577, 1853, 577, 577, 1853, 591, 577, 643, 643, 2174, 1853, 643, 1853, 577, 529, 643, 577, 529, 3731, 577, 1853, 1079, 4893, 1853, 4893, 3391, 1853, 1774]"
337,"[530, 845, 23, 887, 889, 76, 1356, 1439, 1623, 1791, 1439, 2044, 1439, 1623, 1189, 2863, 151, 2927, 3063, 3159, 1439, 1623, 3289, 3159, 1439, 1623, 3159, 1623, 845, 76, 845, 2619, 2310, 344, 1051, 1361, 1439, 3779, 76, 3159, 1439, 3974, 1623, 1544, 1623, 1439, 1439, 4185, 3709, 3159, 3159, 1439, 1623, 1439, 2001, 1439, 1439, 3514, 1356, 1356, 1623, 1439, 1623, 1439, 3026, 2478, 1623, 3779, 4185, 3148, 3159, 1081, 1439, 1623, 1439, 226, 1623, 1439, 1439, 1623, 2224, 1189, 3348, 1439, 4099, 3133, 1439, 1727, 1623, 3709, 669, 3446, 1623, 1819, 1439, 2065, 1623, 3348, 102, 3348, 1623, 3348, 2539, 2224, 1659, 1456, 2875, 1678, 1678, 3974, 1982, 3338]"
338,"[531, 531, 203, 531, 531, 2637, 531, 3386, 531, 531, 101, 531, 3386, 2816, 531, 238, 531, 3106, 531, 624, 1133, 1682, 2491, 531, 1707, 2895, 531, 3386, 531, 3386, 531, 4496, 531, 4496, 4496, 3575, 4496, 531, 3386, 531, 2067, 3252, 531, 3432, 4496, 531, 4496, 531, 4496, 4496, 3386, 4496, 4496, 531, 4496, 1707, 1665, 531, 531, 475, 3386, 4496, 4496, 3386, 4496, 531, 4496, 531, 3386, 4496, 531, 4496, 3944, 531, 82, 1170, 531, 3386, 531, 4496, 531, 4496, 531, 4496, 3944, 3573, 531, 531, 3386, 4496, 531, 3386, 4496, 4496, 531, 531, 4496, 531, 4496]"
339,"[61, 406, 61, 2445, 2466, 3298, 1815, 3372, 3298, 2557, 1522, 3372, 2163, 2466, 4138, 3372, 3199, 1950, 3298, 3372, 363, 385, 61, 1622, 2227, 2445, 1815, 1522, 324, 2341, 1950, 1543, 226, 4966, 3372, 3811, 4966, 3372, 4966, 4966, 3372, 4966, 3372, 2466, 3652, 3372, 3372, 3374, 3809, 1950, 4893, 3986, 3372, 4703, 3986, 4966, 4966, 4832, 4703, 3497, 3372, 406, 4966, 3372, 4966, 3372, 3199, 2997, 3372, 2466, 2466, 3372, 4966, 3372]"
340,"[535, 535, 2671, 2714, 3084, 2669, 535, 535, 3728, 208, 220, 535, 535, 455, 535, 535, 1526, 535, 598, 169, 535, 169, 535, 535, 169, 535, 169, 3974]"
341,"[536, 1013, 1653, 1653, 1013, 1653, 1653, 293, 1653, 1653, 1013, 1653, 536, 329, 2972, 234, 310, 1653, 2469, 1015, 249, 2462, 31, 2692, 334, 1653, 2045, 1653, 1653, 3596, 1013, 1653, 536, 1653, 1950, 1950, 1653, 3285, 1013, 1653, 1013, 1653, 1653, 257, 2855, 257, 1653, 257, 1219, 1653, 1653, 1013, 439, 1653, 1013, 1013, 1653, 1013, 3285, 1013, 1627, 249, 1653, 1013, 1653, 257, 1158, 1653, 1013, 1653, 18, 1653, 1627, 1653, 1013, 1627, 1013, 80, 3210, 1653, 1013, 2956, 1653, 1653]"
342,"[537, 848, 537, 537, 2467, 2577, 848, 2577, 537, 537, 2576, 537, 537, 2914, 537, 537, 2577, 537, 2196, 537, 1873, 2711, 848, 537, 2577, 1875, 537, 537, 1599, 537, 4494, 1592, 537, 537, 3220, 537, 2711, 537, 537, 3120, 537, 537, 2576, 537, 537, 2711, 537, 2711, 537, 537, 2711, 3179, 537, 3771, 324, 537, 2576, 4643, 537, 537, 905]"
343,"[540, 780, 780, 540, 842, 540, 540, 2452, 540, 1475, 540, 1638, 540, 446, 2451, 3254, 540, 3331, 780, 3383, 780, 2683, 780, 540, 780, 540, 780, 540, 540, 3700, 1219, 540, 842, 540, 780, 540, 780, 540, 780, 780, 3383, 780, 540, 1435, 2512, 540, 540, 1609, 540, 174, 540, 780, 780, 174, 540, 780, 1475, 540, 3762, 4179, 540, 780, 780, 540, 540, 780, 3383, 134, 1112, 540, 540, 780, 699, 1930, 1475, 2718, 540, 3383, 780, 780, 540, 780, 540, 780, 540, 780, 3383, 780, 540, 780, 1743, 3058, 3743, 780, 3122, 2762, 174, 540, 1512, 2010, 540, 3383, 780, 3074, 3554, 540, 3383, 780, 540, 540, 3320, 540, 3331, 174, 3383, 780, 540, 3383, 780, 780, 540, 780, 540, 540, 174, 780, 780, 1423, 3331, 540, 3676, 540, 3383, 780, 780, 174, 540, 3383, 780, 780, 540, 174, 540, 174, 3383, 780, 3383, 780, 780, 174, 540, 3383, 780, 540, 780]"
344,"[543, 543, 548, 548, 1542, 2004, 159, 543, 548, 548, 2600, 548, 2771, 543, 548, 548, 2600, 2771, 2600, 548, 2600, 1542, 543, 1542, 2771, 543, 543, 548, 548, 2771, 543, 548, 2771, 543, 2771, 1542, 2771, 1542, 543, 543, 3920, 548, 2771, 548, 2600, 2600, 543, 2600, 2600, 543, 1542, 1542, 543, 1542, 548, 543, 1542, 548, 543, 543, 2600, 543, 543, 548, 548, 543, 1542, 548, 548, 2771, 548, 1542, 1542, 543, 543, 2600, 548, 2600, 2600, 548, 543, 2600, 1542, 1542, 2771, 543, 2600, 543, 543, 3920, 543, 548, 543, 548, 543, 2771, 548, 1542, 543, 548, 543, 2600, 543, 548, 543, 543, 2600, 2910, 2600, 3920, 1542, 543, 2771, 2600, 2600, 543, 1542, 2771, 543, 1542, 543, 548, 1542, 1542, 2600, 2771, 548, 548, 543, 1542, 543, 1542, 543, 2771, 1542, 1542, 543, 543, 548, 2771, 3920, 543, 543, 3920, 543, 1542, 543, 543, 1542, 543, 548, 543, 548, 1542, 2600, 543, 543, 548, 548]"
345,"[545, 1188, 76, 1322, 1490, 442, 1568, 1616, 1638, 1799, 1870, 1439, 2232, 2551, 2564, 1439, 1870, 1750, 1870, 1439, 310, 1870, 1439, 3289, 1024, 3519, 2044, 1616, 3292, 175, 3529, 3524, 645, 3529, 3604, 1544, 2044, 1567, 3412, 2564, 4202, 3794, 4202, 2862, 4202, 2044, 2169, 4202, 1870, 4202, 4202, 423, 2169, 4202, 2489, 2451, 2744, 1439, 2044, 2844, 2252, 3601, 3524, 1713, 2044, 151, 4543, 1439, 1439, 3997, 3456, 2044, 1488, 2564, 3537, 1439, 3601, 2347, 3524, 3537, 1799, 1439, 4543, 2551, 2551, 151, 134, 1870, 1439, 1439, 1799, 2551, 3537, 2564, 2551, 2626, 4494, 2120, 1439, 2120, 1439, 2044, 2120, 3240, 1870, 1870, 1439, 1439, 1799, 1439, 1439, 3537, 2564, 1706, 4378, 3144, 3537, 4378, 1439, 2551, 2044, 2234, 4378, 1439, 2551, 4433, 2169, 4202, 1791, 3601, 3890, 4378, 4202, 4378, 2551, 2293, 1568, 1439, 2044, 1439, 4893, 1439, 2531, 1439, 3144, 3519, 4378]"
346,"[549, 1097, 549, 1829, 1573, 1097, 1097, 1607, 549, 1123, 328, 2569, 549, 1097, 2569, 549, 3024, 549, 2569, 1097, 2347, 1097, 549, 549, 2569, 1097, 549, 2569, 1097, 2569, 1097, 549, 2569, 1097, 2569, 1087, 1097, 1097, 549, 1829, 549, 1087, 2569, 549, 1097, 2959, 1097, 549, 549, 2569, 2736, 3197, 549, 2569, 549, 2876, 549, 1892, 2569, 549, 2959, 3524, 2569, 1892, 2908, 2252, 1018, 2569, 2959, 549, 2569, 2959, 2959, 549, 2569, 1730, 245, 549, 2569, 549, 549, 1809, 614, 2959, 549, 2569, 2959, 2278, 549, 2569, 328, 1829, 2885, 2569, 549, 2569, 549, 1809, 614, 1018, 2569, 2038, 2569, 549, 549, 2569, 2569, 328, 950, 549, 2569, 1758, 1123, 2959, 549, 2876, 2569]"
347,"[551, 606, 918, 1216, 918, 606, 1216, 918, 606, 918, 606, 1216, 918, 606, 606, 1216, 918, 606, 918, 918, 606, 918, 3000, 606, 918, 606, 918, 606, 918, 2964, 2535, 3516, 3851, 606, 3851, 2153, 918, 3851, 2153, 3851, 1216, 3851, 606, 3851, 2153, 918, 606, 1216, 1216, 606, 3851, 606, 3851, 918, 664, 2052, 877, 606, 606, 3851, 2227, 3851, 2227, 918, 1216, 918, 1216, 918, 1216, 1216, 918, 1216, 3486, 918, 918, 1216, 3720, 2227, 1847, 1216]"
348,"[558, 560, 564, 566, 747, 844, 1076, 1335, 1357, 747, 1335, 747, 1255, 1076, 1357, 747, 1335, 2201, 566, 564, 1076, 1076, 2396, 2201, 747, 566, 564, 1076, 560, 2396, 2201, 1335, 747, 2633, 566, 2642, 1076, 560, 558, 1076, 2043, 2633, 747, 2633, 747, 3301, 2642, 1076, 2396, 2201, 747, 747, 2201, 564, 3354, 2642, 1076, 747, 558, 3467, 179, 564, 1076, 3467, 179, 841, 1930, 1076, 560, 558, 2396, 564, 566, 747, 2201, 747, 566, 566, 2396, 179, 841, 1076, 560, 2396, 566, 2201, 747, 2201, 1357, 1076, 747, 1357, 747, 1335, 3867, 2201, 1076, 3912, 3467, 179, 3915, 844, 743, 1076, 558, 560, 2396, 566, 2201, 2201, 747, 226, 2396, 564, 566, 3867, 2201, 747, 566, 844, 1076, 560, 558, 2396, 566, 1255, 2201, 1335, 2633, 2201, 747, 3467, 3915, 1357, 3867, 3912, 3867, 2201, 747, 743, 841, 3915, 558, 536, 3350, 1887, 3867, 2642, 1076, 2642, 747, 2201, 3912, 3467, 3354, 844, 1076, 560, 558, 3912, 747, 2633, 3867, 747, 1873, 2396, 2201, 747, 747, 2201, 841, 844, 1076, 2396, 3467, 844, 3301, 1335, 566, 564, 560, 2396, 566, 743, 3912, 2201, 2633, 1357, 747, 2396, 743, 3912, 2201, 2201, 747, 3867, 566, 1255, 564, 2396, 841, 743, 1076, 566, 747, 2201, 566, 564, 844, 841, 257, 257, 2642, 1076, 560, 1607, 2633, 2201, 3867, 747, 1076, 560, 566, 747, 2201, 1076, 2633, 1357, 747, 4528, 560, 747, 3912, 226, 564, 3867, 2201, 566, 564, 2396, 841, 844, 1076, 1076, 558, 747, 1357, 1076, 564, 566, 2201, 3699, 406, 2201, 747, 1076, 2642, 1076, 566, 564, 747, 844, 558, 3912, 2642, 1076, 558, 1255, 566, 2201, 3912, 226, 747, 1357, 747, 2201, 1076, 1255, 747, 1357, 2642, 1076, 558, 560, 566, 564, 1335, 2201, 747, 2201, 566, 564, 2642, 1076, 1076, 560, 564, 566, 2633, 2201, 747, 2201, 3912, 558, 179, 743, 564, 1076, 558, 560, 3912, 1357, 747, 1255, 743, 179, 1076, 558, 747, 2201, 747, 1357, 3301, 2965, 2642, 1076, 747, 2201, 566, 564, 2642, 2642, 1076, 2201, 1076, 747, 747, 2201, 3912, 2642, 1076, 1638, 950, 1076, 1076, 558, 560, 1335, 861, 3354, 743, 1076, 747, 2642, 747, 2642, 1076, 1076, 566, 564, 2201, 2396, 3467, 179, 3301, 2201, 3301, 3912, 226, 2293, 2642, 1076, 3912, 2633, 747, 3867, 3301, 257, 1076, 2396, 566, 564, 747, 2633, 1335, 747, 2201, 3301, 2642, 3867, 2201, 3301, 257, 1076, 2396, 564, 1666, 1076, 2201, 558, 560, 566, 564, 2633, 1335, 747, 3867, 2201, 1357, 1335, 3301, 1076, 2448, 4767, 4767, 1076, 3912, 3301, 3867, 3301, 1350, 1076, 1335, 1357, 747, 1076, 564, 566, 3301, 2201, 747, 1357, 566, 2396, 1076, 3867, 3301, 566, 2396, 1076, 1335, 747, 2201, 1357, 3301, 1076, 560, 2201, 3867, 747]"
349,"[559, 1202, 1487, 2113, 1747, 2976, 356, 3291, 441, 1990, 1030, 2113, 986, 1747, 2113, 2113, 3640, 4042, 2113, 2976, 2113, 2113, 1729, 579, 2113, 2113, 1706, 1729, 2113, 2113, 4014, 3662, 2113, 3240, 2976, 1346, 2113, 1729, 3679, 1555, 2113, 1632, 986, 1747, 2113, 328, 226, 986, 2113, 2477, 2113, 2113, 464, 2113, 3246, 2113, 2721, 2113, 1747, 2113, 441, 2113, 2113, 3240, 2113, 2113, 2676, 1872, 1346, 1104, 2113, 986, 2113, 2113, 4042, 2113, 3367, 2113, 2113, 1521, 2113, 986, 2113, 2113, 1346, 2060, 883, 1589, 986, 1293, 5064, 1293, 1872, 5064, 5064]"
350,"[565, 613, 565, 565, 613, 2055, 2048, 83, 2925, 565, 613, 613, 2055, 1456, 83, 151, 613, 565, 613, 2055, 4290, 822, 683, 613, 613, 2055, 83, 613, 83, 613, 2055, 83, 2319, 613, 613, 565, 613, 3775, 613, 613, 83, 324, 382, 3528, 565, 2906, 83, 3492, 2474, 613, 613, 2055, 83, 613, 613, 2055, 2829, 2055, 3062, 179, 83, 2055, 613, 2829, 3528, 83, 613, 2720, 613, 2482, 170, 83, 565, 2720, 613, 613, 2055, 83, 3841]"
351,"[568, 568, 1433, 1106, 568, 568, 1433, 1106, 2023, 1433, 1106, 1433, 1106, 1197, 568, 568, 1433, 1106, 2876, 2380, 102, 1592, 1433, 1106, 568, 568, 3219, 568, 568, 1909, 1106, 1433, 568, 568, 102, 568, 328, 568, 102, 568, 1400, 3611, 568, 2530, 568, 1106, 568, 568, 4552, 568, 568, 1909, 2380, 568, 2380, 3784, 568, 568, 2380, 1433, 1106, 568, 568, 443, 102, 2380, 568, 568, 226, 443, 102, 226, 2380, 568, 226, 568, 568, 2023, 568, 61, 3020, 2855]"
352,"[569, 570, 569, 570, 569, 570, 1999, 1999, 569, 570, 1999, 569, 570, 1999, 569, 570, 569, 570, 569, 570, 569, 569, 570, 1999, 569, 570, 1999, 570, 569, 569, 570, 1999, 569, 570, 1999, 570, 569, 570, 569, 569, 2710, 570, 569, 2710, 569, 570, 569, 570, 569, 570, 570, 569, 570, 569, 2710, 569, 570, 570, 569, 570, 2710, 569, 570, 570, 569, 2710, 2710, 570, 569, 570, 569, 570, 569, 570, 570, 569, 569, 570, 570, 569, 569, 570, 569, 570, 570, 569, 570, 569, 570, 569, 570, 569, 2710, 570, 569, 570, 569, 570, 569, 570, 569, 569, 570, 2710, 570, 2710, 570, 569, 569, 2710, 570, 569, 569, 2924, 570, 569, 569, 570, 2710, 569, 570, 2710, 569, 570, 569, 570, 569, 570, 570, 569, 2710, 1999, 1999, 570, 569, 570, 570, 569, 569, 570, 1999, 1999, 569, 570, 569, 570, 2710, 569, 570, 2710, 1999, 569, 570, 570, 569, 570, 569, 569, 570, 569, 570, 569]"
353,"[66, 1594, 1732, 1732, 2254, 1732, 1732, 2749, 1594, 1732, 1732, 3701, 1732, 1560, 3701, 3255, 4133, 1594, 1732, 1732, 66, 3701, 3701, 1732, 1732, 1594, 1732, 2254, 1732, 1732, 3701, 1745, 1594, 1732, 1732, 2254, 3277, 1732, 2254, 1732, 3701, 1732, 1732, 3701, 1732, 1732, 2254, 2254, 1732, 1732, 2254, 66, 1732, 3701, 1732, 1732, 2254, 1732, 3701, 1732, 66, 1594, 1732, 4133, 1732, 2254, 1732, 1732, 4133, 1594, 3701, 1732, 2254, 1732, 3701, 3701, 1732, 4133, 1732, 3939, 4133, 1732, 2254, 1732, 3701, 1732, 3701, 1732]"
354,"[572, 572, 325, 572, 4717, 4717, 1639, 4928]"
355,"[573, 1000, 573, 2827, 2225, 1000, 3012, 2827, 77, 1000, 90, 573, 1075, 3239, 1000, 1000, 2827, 2225, 573, 330, 378, 330, 2040, 573, 573, 3146, 573, 2040, 245, 2488, 1051, 1000, 1000, 2225, 1000, 53, 1000, 1000, 573, 2827, 2827, 1000, 573]"
356,"[575, 1205, 2415, 2420, 2975, 2415, 2420, 2420, 2951, 2415, 2420, 2420, 2415, 2415, 575, 575, 1812, 2420, 2415, 2420, 575, 2415, 2415, 2420, 466, 575, 2415, 1205, 2415, 2415, 575, 575, 3938, 575, 2415, 1205, 575, 575, 2415, 575, 575, 3938, 575, 4589, 575, 2415, 2913, 575, 575, 1585, 2398, 2415, 2415, 1205, 3938, 2951]"
357,"[576, 576, 1847, 576, 1216, 3112, 3409, 576, 1943, 576, 391, 1631, 1567, 576, 1847, 3112, 576, 2227, 576, 576, 1216, 576, 3061, 574, 3809, 1847, 406, 551, 1712, 2227, 576, 1725, 576, 4206, 617, 2477, 4598, 576, 2477, 3283, 3283, 1943, 2227, 576, 3858, 576, 3858, 576, 1847, 576, 1161, 3112, 4950, 1578, 48, 3063, 2284, 3858, 4893, 385, 357, 3858]"
358,"[579, 600, 38, 600, 1516, 600, 600, 1516, 2014, 2051, 2057, 38, 2225, 600, 2606, 1516, 2057, 600, 1516, 2057, 600, 2606, 2225, 600, 3196, 600, 2513, 600, 1714, 2057, 2606, 2225, 2057, 2057, 2606, 2225, 600, 600, 2293, 352, 3681, 600, 2057, 2606, 600, 600, 2057, 2606, 2827, 2225, 2057, 600, 1516, 3842, 600, 1516, 3060, 1516, 1465, 1971, 1516, 2057, 600, 2057, 600, 1516, 2606, 2827, 2225, 600, 1516, 2014, 2005, 600, 2057, 1516, 600, 600, 2057, 600, 1516, 600, 3119, 600, 2057, 1516, 2057, 600, 600, 1516, 600, 2057, 600, 2057, 600, 1516, 600, 1516, 600, 2057, 579, 600, 2827, 2732, 2606, 3239, 38, 600, 1516, 600, 2606, 600, 1516, 600, 2057, 600, 2606, 600, 600, 3681, 600, 4801, 1516, 1516, 600, 2106, 1627, 3654, 2632, 3842, 600, 2057, 1516, 1516, 600, 600, 1801, 600, 600, 1516, 600, 600, 2606, 2827, 600, 2057, 600, 2606, 2827, 600, 1516, 2014, 600, 1516, 600, 2827, 3196, 1516, 2014, 600, 600, 2827, 600, 61, 61, 600, 600, 2606, 3239, 600, 2606, 1516, 1516, 600, 600, 4130, 600, 2606, 600, 600, 2057, 600, 1516, 2606, 600, 600, 2057, 600, 600, 2606, 3167, 600, 1516, 600, 600, 2297, 600, 1516, 2014, 600, 2606, 2225, 1516, 600, 4893, 600, 1516, 600, 3202, 3167, 600, 600, 5053, 600, 600, 2057, 3842, 600, 600, 1516, 2057, 1516, 600, 3681, 2297, 1516, 600, 1516, 1087, 1516]"
359,"[406, 604, 604, 406, 604, 604, 363, 3123, 324, 2679, 2853, 604, 1012, 406, 604, 363, 604, 1746, 3672, 61, 604, 3254, 604, 324, 1678, 1161, 2527, 1385, 2888, 1777, 406, 1157, 3254, 61, 61, 406, 363, 406, 406, 746, 4283, 604, 78, 406, 3000, 604, 406, 406, 604]"
360,"[226, 1420, 3308, 2601, 2623, 1420, 690, 3308, 31, 690, 1715, 1578, 690, 690, 4082, 536, 4047, 4810, 410, 324, 31, 31, 4810, 2442, 2171, 257, 1567, 3038, 1639]"
361,"[586, 1921, 1961, 1997, 611, 2230, 1921, 586, 586, 1921, 1921, 83, 1921, 3698, 2326, 1921, 611, 3698, 611, 83, 1997, 83, 1921, 586, 83, 586, 1997, 83, 1567, 3213, 1921, 1921, 3698, 611, 83, 586, 83, 1921, 3698, 611, 586, 1921, 586, 83, 586, 102, 586, 3698, 611, 586, 1921, 3111, 459, 611, 611, 443, 1921, 586, 1166, 83, 1921, 611, 586, 1921, 4102, 611, 586, 586, 1921, 4102, 586, 586, 1997, 586, 83, 1981, 4801, 1921, 4814, 459, 2326, 611, 586, 1921, 4814, 2284, 1921, 459, 1921, 586]"
362,"[591, 782, 690, 591, 690, 591, 782, 591, 690, 690, 2698, 324, 591, 690, 324, 897, 591, 690, 690, 591, 690, 591, 591, 690, 591, 324, 3787, 591, 1746, 1166, 591, 591, 782, 690, 690, 591, 690, 591, 2988, 782, 690, 690, 591, 1956, 591, 3809, 591, 591, 690, 591, 81, 591, 690, 2347, 591, 1166, 3764, 591, 591, 690, 690, 591, 690, 591, 591, 782, 591, 591, 782, 782, 690, 1213, 324, 897, 591, 782, 782, 690, 1567, 324, 591, 591, 690, 591, 782, 690, 324, 897, 591, 3111, 690, 782, 690, 4492, 591, 782, 690, 591, 690, 2347, 324, 782, 690, 324, 591, 4099, 591, 1114, 690, 591, 782, 591, 782, 1791, 591, 690, 591, 690, 3593, 591, 690, 591, 690, 690, 591, 591, 782, 690, 591, 690, 782, 591, 690, 690, 782, 690, 591, 690, 1166, 2598, 591, 591, 690, 591, 690, 690, 591, 591, 782, 1158, 690, 591, 1087, 591, 1925, 591, 591, 3194, 690, 690, 324, 782, 690, 3977, 324, 690, 690, 324, 61, 4492, 4492, 2557, 81, 4492]"
363,"[595, 868, 2511, 2975, 595, 3269, 595, 595, 3700, 595, 3809, 2999, 595, 868, 595, 4084, 4084, 3809, 1678, 595, 2511, 868, 4084, 2511, 3574, 4084, 4029, 4084, 1638, 595, 1520, 595, 868, 2511, 868, 595, 4084, 2511, 2010, 4084, 3269, 3574, 595, 595, 4442, 3269, 2207, 595, 868, 3574, 3269, 4084, 4084, 2511, 595, 595, 2511, 3849, 3218, 3534, 595, 1576, 595, 868, 4589, 595, 868, 595, 868, 595, 1548, 595, 2816, 595, 868, 595, 2511, 595, 4116, 595, 249, 1576, 868, 595, 2511, 868, 595, 2207, 3269, 595, 2511, 595, 2207, 2207, 595, 2511, 595, 868, 2207, 3574, 1638, 1638, 595, 3255, 2511, 868, 595, 1600, 3269, 595, 595, 2511, 2511, 1707, 1678, 595, 2511, 1707, 61, 2511, 595, 249, 1707, 1873, 4634, 3269, 102, 403, 595, 3269, 595, 1778, 3534, 595, 595]"
364,"[597, 597, 2006, 1900, 2114, 249, 1900, 249, 2338, 249, 597, 2338, 597, 2114, 2006, 597, 2338, 597, 249, 1900, 2006, 2114, 151, 597, 1900, 249, 597, 249, 2114, 597, 249, 2169, 66, 2338, 249, 1900, 249, 597, 2338, 597, 249, 1685, 1900, 597, 2338, 597, 2338, 1900, 597, 2114, 2006, 249, 4031, 2338, 597, 249, 1900, 597, 1501, 2114, 2626, 597, 597, 2338, 2114, 2169, 2114, 597, 597, 2114, 4196, 510, 4196, 249, 2114, 597, 597, 2114, 597, 2114, 3585, 597, 2632, 471, 597, 597, 363, 3792, 2114, 597, 69, 1592, 1015, 2338, 597, 249, 1350, 249, 1685, 597, 2114, 249, 2114, 249, 597, 2338, 249, 597, 249, 2114, 597, 2114, 249, 597, 597, 249, 1015, 249, 2114, 471, 249, 2114, 249, 597, 1015, 249, 2114, 597, 2114, 249, 249, 597, 177, 597, 249, 597, 249, 1015, 249, 111, 597, 471, 249, 471, 2114, 597, 2338, 597, 249, 1308, 2114, 1015, 2114, 597, 597, 1015, 2114, 659, 2114, 597, 2114, 2188, 4908, 111, 83, 4954, 83, 2119, 659, 2119, 83, 4908, 83, 3280, 659, 3280, 1074, 2119, 2244, 83, 2119, 2188, 715, 3280, 3280, 2244, 83, 3353, 3280, 3999, 3999, 4908, 3280, 83, 3999, 4893, 4893, 2244, 83, 3353, 3999, 3280, 2244, 83, 3353, 3353, 3999, 4908, 2244, 83, 3999, 1581, 3353, 3999, 4908, 3280, 2244, 4908, 3353, 4908, 4954, 3280, 2244, 516, 3999, 3353, 3999, 4908, 3280, 2244, 83, 3999, 3353]"
365,"[599, 330, 965, 973, 1146, 1338, 1348, 1351, 973, 1338, 1348, 1351, 1442, 397, 965, 1146, 1549, 599, 973, 1338, 1868, 1348, 1442, 1146, 1864, 1338, 330, 965, 1348, 1442, 1146, 599, 2464, 1146, 1549, 599, 1793, 1498, 1498, 1475, 2664, 2439, 1549, 599, 973, 2464, 973, 1442, 2975, 1442, 973, 330, 1146, 599, 1549, 973, 1348, 1868, 973, 3486, 330, 1146, 330, 965, 599, 1549, 1793, 1549, 599, 3711, 3731, 599, 1549, 973, 1338, 1442, 1146, 3690, 599, 973, 1146, 3871, 1549, 599, 973, 2464, 965, 1442, 1146, 599, 973, 1338, 1146, 1549, 599, 973, 1338, 973, 1442, 1146, 1549, 599, 973, 3711, 2464, 4117, 1442, 1146, 1338, 1549, 1146, 599, 330, 973, 3711, 3486, 1146, 1549, 599, 3711, 3690, 4207, 2464, 1442, 1146, 973, 1338, 1442, 1146, 2464, 1146, 599, 1146, 4276, 1549, 599, 1338, 4117, 1351, 1348, 1442, 1146, 3486, 973, 1442, 1146, 1549, 599, 1146, 1549, 973, 1338, 4117, 1351, 1146, 1549, 599, 1801, 3727, 973, 1338, 1868, 4436, 599, 1146, 1442, 1549, 599, 973, 1146, 1146, 1549, 1338, 1348, 4117, 2464, 1442, 330, 1868, 1351, 1338, 1442, 1549, 1146, 599, 3827, 3053, 1146, 1442, 397, 965, 330, 1146, 1146, 1549, 599, 3809, 1146, 1549, 599, 1549, 599, 1442, 4589, 1146, 599, 1549, 1442, 1146, 3486, 3731, 1442, 330, 1146, 1549, 599, 1338, 4117, 1351, 1348, 1146, 1338, 1348, 330, 973, 1338, 1868, 1146, 965, 1146, 599, 599, 3711, 397, 1146, 599, 1549, 973, 1338, 965, 397, 1549, 599, 1351, 1549, 599, 973, 1338, 1348, 1868, 1146, 1549, 599, 1338, 3438, 965, 599, 1549, 1146, 1549, 599, 1338, 1868, 1348, 1146, 599, 1549, 1549, 599, 973, 1338, 1868, 4207, 4207, 1146, 599, 1549, 973, 1338, 1868, 1348, 1351, 4117, 1442, 1146, 599, 3711, 2807, 1146, 1549, 599, 973, 1146, 1146, 1549, 599, 1146, 599, 1146, 1549, 599, 1146, 1549, 973, 1146, 3711, 1146, 1549, 599, 1549, 599, 3436, 1549, 599, 1348, 1146, 3486, 973, 1146, 1442, 973, 1146, 3711, 1146, 1338, 1348, 4117, 1442, 1146, 1549, 973, 973, 1338, 1868, 1348, 1442, 1146, 1549, 973, 1146, 1338, 1351, 1348, 1146, 965, 330, 2464, 1549, 1146, 1338, 1351, 4117, 3711, 1146, 973, 1146, 1549, 599, 973, 1338, 1348, 1549, 599, 1338, 1348, 973, 1146, 973, 1146, 1338, 1351, 973, 1146, 1338, 973, 965, 1442, 1146, 973, 1146, 1146, 599, 973, 3711, 2931, 1146, 1351, 1348, 397, 1146, 973, 330, 397, 1348, 1146, 599, 973, 3809, 1146, 3711, 2623, 973, 1146, 599, 973, 397, 973, 1351, 1146, 973, 1348, 1442, 1146, 1338, 4117, 3690, 4207, 397, 599, 599, 1338, 4117, 330, 1146, 1549, 1338, 1146, 1549, 1146, 965, 1348, 4337, 1146, 4893, 4893, 1146, 965, 965, 1146, 599]"
366,"[609, 407, 609, 1768, 609, 2089, 609, 407, 609, 2546, 2089, 609, 407, 2546, 609, 609, 2546, 2089, 609, 407, 2089, 609, 609, 2089, 609, 609, 407, 609, 3602, 609, 609, 2089, 2546, 609, 2546, 2546, 609, 609, 2546, 176, 176, 2089, 407, 407, 609, 2089, 609, 2089, 2546, 609, 609, 2546, 609, 609, 2089, 2089, 609, 2089, 2546, 2546, 609, 609, 2677, 609, 609, 2089]"
367,"[611, 1703, 1851, 406, 3232, 927, 443, 3343, 3379, 2742, 3232, 442, 26, 3939, 3232, 1737, 3232, 4153, 3053, 3939, 3232, 3854, 2956, 128, 3939, 3568, 1703, 3232, 3232, 1075, 2481, 3939, 1791, 249, 2742, 4097, 1703, 2213, 1488, 249, 3232, 3879, 3232, 443, 3690, 2936, 1374, 3319, 1914, 245, 3494, 1325, 4402, 406, 1039, 3486]"
368,"[612, 76, 357, 1790, 1797, 1812, 1864, 612, 1790, 2565, 357, 2565, 3013, 612, 3136, 1018, 1812, 3617, 612, 3519, 3792, 1812, 38, 4283, 545, 3087, 2999, 1405, 1134, 1362, 4148, 357, 3223, 2423, 1790, 4222, 3763, 2940, 3343, 3087, 2940, 1565, 2851, 3087, 2851, 1812, 2851, 499, 2749, 2851, 1812, 2041, 38, 2870, 1982, 2897, 2537, 2851, 2326, 4221, 1982, 2851, 2326, 2816, 1485, 2477, 2729, 4950, 209, 3260, 612, 3900, 1982]"
369,"[620, 620, 305, 333, 1526, 333, 305, 620, 620, 3117, 3117, 620, 620, 3117, 620, 620, 3117, 620, 3117, 3117, 620, 620, 3117, 620, 3117, 620, 620, 3117, 3117, 620, 620, 3117, 620, 3117, 620, 620, 3117, 620, 620, 3117, 4589, 620, 3117, 620, 620, 3117, 620, 3117, 3436, 620, 620]"
370,"[625, 1024, 3001, 3696, 625, 3291, 2284, 1214, 3001, 2284, 3001, 536, 3262, 625, 3190, 3001, 4238, 1024, 3001, 3001, 536, 625, 3001, 3696, 3262, 625, 4442, 3001, 3283, 3001, 3283, 3367, 3262, 1214, 3001, 1024, 3001, 2926, 3837, 3001, 3562, 1659, 3001, 536, 625, 625, 3001, 625, 3696, 536, 625, 516, 3696, 1214, 3283, 3283, 1024, 3001, 4422, 1147, 3001, 3696, 3001, 3001, 516, 4893, 3945, 1024, 226, 4147, 4771, 625, 3001, 625]"
371,"[268, 635, 669, 684, 335, 335, 357, 357, 335, 335, 3197, 335, 335, 1614, 635, 635, 336, 3803, 3804, 635, 3803, 3804, 635, 357, 3803, 3804, 1711, 2373, 1757, 635, 3803, 3804, 635, 3803, 3804, 3803, 3804, 3803, 3804, 635, 3803, 3804, 3197, 635, 3803, 3804, 635, 635, 1678, 635, 635, 3346, 635, 635, 80, 293, 635, 635, 4553, 4553, 635, 635, 4553, 4553, 635, 4553, 635, 4553, 635, 635, 4553, 635, 4553, 635, 635, 4553, 635, 4553, 635, 4553, 635, 4553, 635, 4553, 4553, 635, 4553, 4553, 635, 4553, 635, 4553, 635, 635, 4553, 635, 4553, 635, 4553, 635, 4553, 4553, 635, 635, 4553, 635, 4553, 635, 4553, 4553, 635, 4553, 635, 4553, 635, 1030, 4893]"
372,"[634, 1252, 578, 1744, 172, 172, 1787, 2054, 2053, 2055, 2566, 213, 1775, 2572, 1744, 1676, 897, 516, 3040, 3280, 1744, 2906, 897, 1744, 2053, 2053, 2748, 2906, 3629, 2053, 897, 3528, 578, 1744, 2906, 2052, 3861, 2052, 659, 2053, 324, 2723, 711, 1220, 2632, 1744, 3629, 2054, 2053, 2053, 897, 897, 4019, 3723, 897, 897, 324, 172, 1744, 1285, 2053, 2054, 607, 21, 2053, 897, 943, 416, 1879, 4295, 897, 578, 1744, 1787, 1744, 3629, 2053, 2054, 897, 2053, 2566, 1676, 2053, 4362, 1744, 3421, 1215, 1744, 897, 897, 416, 4143, 1303, 1879, 3040, 4362, 1744, 516, 194, 3417, 1744, 897, 897, 943, 1879, 993, 179, 4295, 1879, 897, 365, 253, 1744, 4362, 516, 3233, 2053, 516, 3629, 3421, 1744, 2723, 2055, 897, 2053, 2054, 2053, 3629, 2277, 1744, 3629, 897, 897, 3040, 213, 2053, 897, 897, 1879, 4295, 4615, 416, 4589, 897, 897, 2053, 194, 1787, 2748, 617, 4653, 897, 3629, 2997, 2067, 4055, 2032, 617, 4653, 4653, 2053, 897, 2748, 2053, 4653, 2269, 3528, 897, 139, 188, 897, 4653, 1744, 4362, 172, 463, 4653, 3629, 3618, 172, 1787, 1140, 4653, 2055, 607, 4615, 1303, 4295, 993, 4295, 4615, 394, 3861, 4653, 3629, 2055, 416, 1303, 4528, 1879, 4295, 4615, 993, 4528, 4615, 4295, 897, 3994, 1578, 1935, 3421, 2566, 188, 2825, 2748, 1879, 1303, 4143, 993, 897, 4799, 2054, 3760, 260, 516, 1744, 4653, 1744, 3421, 1622, 1879, 4295, 4615, 1879, 993, 897, 2748, 2723, 1285, 607, 1744, 4653, 4362, 188, 897, 394, 2055, 3629, 1744, 4653, 365, 1325, 188, 2566, 394, 2053, 1744, 4653, 3421, 4019, 943, 3040, 897, 1879, 4615, 993, 4143, 4295, 4615, 3040, 3040, 2631, 4799, 1744, 188, 172, 1744, 4799, 4362, 3040, 795, 897, 3421, 2055, 897, 3176, 3176, 3040, 3176, 3421, 3718, 4255, 897, 4615, 993, 993]"
373,"[647, 648, 892, 380, 1591, 1598, 892, 647, 648, 647, 1170, 1475, 647, 647, 648, 892, 257, 357, 647, 648, 892, 648, 892, 892, 78, 892, 380, 648, 892, 648, 892, 647, 648, 892, 647, 648, 892, 380, 892, 647, 648, 892, 380, 892, 380, 647, 648, 892, 1585, 647, 648, 892, 380, 4238, 647, 648, 892, 648, 380, 647, 648, 648, 380, 647, 648, 648, 647, 648, 648, 647, 648, 648, 380, 648, 648, 380, 647, 648, 648, 380, 648, 647, 648, 380, 647, 648, 648, 647, 648, 648, 380, 1183]"
374,"[649, 324, 691, 649, 324, 2042, 691, 649, 324, 649, 324, 691, 649, 691, 691, 3285, 649, 324, 691, 649, 324, 3452, 691, 649, 324, 649, 3452, 691, 691, 2317, 325, 649, 324, 3452, 691, 324, 3452, 691, 3452, 691, 649, 324, 324, 3452, 691, 691, 333, 333, 324, 3452, 691, 691, 333, 3452, 333, 691, 394, 649, 691, 649, 691, 333, 691, 649, 324, 691, 691, 333, 3452, 691, 691, 3452, 691, 649, 324, 3452, 249, 325, 649, 324, 691, 691, 324, 691, 691, 3452, 691, 3452, 691, 3452, 691, 649, 691, 691, 649, 324, 691, 649, 691, 333, 324, 691, 3285, 691, 54, 691, 691, 649, 3452, 691, 649, 691, 324, 3452, 691, 394, 649, 691, 691, 649, 324, 3452, 691, 649, 691, 691, 2857, 691, 691, 54, 2146, 649, 324, 3452, 649, 691, 3766, 3766, 1590, 691, 2146, 691, 691, 325, 691, 324, 1590, 691, 3842]"
375,"[650, 1226, 650, 1226, 650, 102, 650, 1226, 1226, 650, 1226, 1226, 650, 1596, 1226, 1226, 650, 1226, 650, 1226, 650, 1226, 1226, 650, 1226, 650, 1226, 650, 1226, 4063, 384, 1226, 650, 1226, 650, 650, 1226, 1226, 650, 1226, 650, 1226, 1226, 650, 1226, 650, 1226, 650, 1226, 650, 1226, 1226, 650, 650, 1226, 650, 1226, 1226, 650, 650, 1596, 1226, 650, 1226, 378, 650, 1226, 650, 1226, 650, 1226, 650, 1226, 650, 1226, 650, 4063, 1226, 650, 1226, 650, 1226, 650, 1226, 650, 650, 1226, 1226, 650, 1226, 650, 1226, 650, 1226, 650, 1226, 650, 1226, 1226, 102, 1226, 4063, 1226, 4063, 1226, 650, 1226, 650, 1226, 4063, 384, 1226, 650, 1226, 2067, 1226, 1226, 4063, 1226, 4063, 1226, 650, 1226, 2067, 650, 1226, 650, 650, 384, 1226, 650, 1226, 4063, 384, 2307, 1226, 650, 650, 102, 102, 1226, 1226, 650, 1226, 384, 1226, 650, 102, 1226, 4063, 1226, 650, 650, 1226, 650, 1226, 650, 1226, 650, 102, 1226, 650, 1226, 650, 2067, 650, 650]"
376,"[578, 664, 578, 664, 2387, 578, 578, 2387, 2387, 578, 664, 2387, 578, 664, 2387, 578, 2387, 578, 2387, 578, 2387, 2387, 578, 2387, 2387, 578, 2387, 2387, 578, 578, 2387, 2387, 578, 2387, 578, 2387, 2387, 578, 2387, 2387, 578, 2387, 578, 2387, 578, 2387, 578, 2387, 578, 3689, 578, 2387, 2387, 578, 2387, 578, 2387, 578, 2387, 578, 2387, 578, 2387, 578, 2387, 578, 2387, 578, 2387, 578, 2387, 2387, 3720, 2387, 2387, 578, 2387, 578, 578, 2387, 2387, 3720, 578, 578, 2387, 2387, 578, 2387, 2387, 578, 578, 2387, 578, 2387, 578, 578, 2387]"
377,"[651, 652, 912, 1233, 1234, 651, 1235, 1332, 1350, 1396, 1894, 1396, 912, 651, 1235, 1233, 1234, 2388, 652, 912, 1025, 1894, 1396, 2576, 2577, 651, 2388, 652, 1002, 991, 1894, 1396, 2577, 2388, 652, 651, 1235, 1233, 1234, 912, 1396, 1235, 651, 652, 2388, 1233, 1234, 912, 1396, 1894, 1894, 652, 1233, 2388, 651, 1234, 1235, 912, 151, 1233, 652, 2388, 1235, 651, 1233, 912, 1894, 1894, 210, 1090, 1233, 1234, 1235, 2388, 652, 651, 912, 1894, 1396, 1235, 1233, 1234, 651, 2388, 652, 912, 1894, 1396, 3815, 2477, 1396, 1233, 1234, 1235, 651, 2388, 652, 912, 1894, 1234, 651, 1235, 1233, 2388, 652, 912, 1894, 1234, 1233, 1235, 651, 2388, 652, 1235, 912, 1235, 651, 1233, 1234, 652, 2388, 912, 1234, 1233, 1235, 651, 912, 1758, 4043, 2900, 2083, 1894, 1396, 1894, 83]"
378,"[653, 656, 61, 61, 656, 324, 2641, 1053, 2641, 3379, 2641, 3411, 324, 2116, 3871, 61, 656, 2823, 1981, 82, 2641, 2550, 4361, 3344, 2641, 4361, 2550, 324, 2706, 2550, 2641, 4361, 2641, 3720, 2641, 4361, 2641, 2899, 4361, 2968, 406, 4213, 406, 2968, 3879, 2641, 4361, 3879, 406, 3980, 61, 2823, 442, 3720, 2641, 4361, 4361, 1109, 4361, 61, 3658, 4361, 2641, 4682, 145, 3411, 2641, 3344, 442, 2641, 3344, 679, 690, 653, 61, 406, 2968, 61, 2823]"
379,"[660, 885, 1911, 885, 660, 885, 975, 1202, 885, 885, 3759, 842, 1911, 324, 660, 885, 885, 660, 660, 102, 2618, 660, 885, 3304, 885, 660, 4276, 499, 660, 885, 885, 660, 885, 660, 1595, 885, 3308, 3099, 2038, 324, 2241, 324, 885, 1475, 660, 885, 885, 660, 1484, 885, 897, 885, 885, 257, 885, 406, 4076, 885, 442, 2833, 885, 885, 4025, 1075, 1147, 3615, 324, 885, 885, 2646, 1389, 885, 84, 885, 885, 324, 3073, 885, 2679, 885, 885, 2624, 3340, 3968, 4155, 36, 885, 885, 61, 1611]"
380,"[190, 190, 1615, 47, 190, 190, 1716, 3041, 3116, 1615, 190, 190, 1762, 3736, 190, 190, 23, 3329, 1615, 3593, 190, 190, 4242, 190, 190, 78, 78, 190, 4242, 3905, 2500, 3104, 2565, 1982, 190, 1168, 84, 190, 3759, 190, 190, 3108, 4520, 498, 2640, 190, 2617, 190, 190, 3108, 4106, 3593, 102, 3539, 3116, 3074, 3977, 190, 190, 2894, 3108, 3272, 3108, 3108, 3074, 61, 190, 2331, 4542, 1615, 4030, 190, 1615, 1998, 2955, 1777, 4009, 4356, 4009, 190, 190, 1325, 4009, 3012, 5079]"
381,"[666, 870, 1256, 406, 666, 1256, 1256, 84, 1147, 1075, 1589, 616, 870, 870, 666, 2679, 3837, 870, 1256, 666, 4013, 285, 84, 1075, 175, 3881, 2853, 31, 624, 666, 666, 1018, 870, 666, 3151, 1926, 1998, 2909, 870, 870, 666, 1638, 499, 3510, 1926, 3251, 3291, 2698, 1670, 1680, 1548, 616, 3664, 3043, 1075, 2676, 870, 870, 499, 870, 1256, 870, 3321, 102, 870, 870, 666, 870, 499, 1680, 870, 870, 666, 870, 666, 4775, 870, 666, 406, 406, 666, 870, 3083, 870, 3837, 1982, 870, 666, 666, 1638, 870, 3083, 870, 870, 666, 1680, 285, 870, 870, 666, 870, 666, 666, 870, 2480, 2570, 1601, 499, 129, 1325, 1601, 2881, 5079, 3664]"
382,"[324, 771, 1876, 771, 324, 2702, 3014, 1548, 102, 1876, 771, 617, 1876, 771, 1876, 3169, 3014, 617, 102, 3014, 3743, 1876, 3014, 2816, 1876, 771, 1876, 3014, 3014, 257, 257, 441, 1876, 1179, 3014, 771, 4304, 4242, 1876, 617, 4304, 1876, 771, 3079, 617, 1876, 4304, 4971, 4192, 4304, 1876, 4304, 4893, 4304, 1876, 4304, 1792]"
383,"[670, 693, 670, 693, 2377, 693, 670, 693, 670, 693, 670, 693, 670, 693, 670, 693, 693, 670, 693, 693, 670, 693, 670, 693, 4141, 693, 693, 670, 693, 4141, 670, 693, 670, 693, 670, 693, 693, 670, 693, 670, 693, 670, 693, 693, 670, 693, 670, 693, 670, 693, 693, 670, 693, 670, 693, 670, 693, 670, 693, 693, 3654, 4141, 670, 670, 693, 693, 670, 670, 693, 693, 3402, 693, 693]"
384,"[671, 672, 189, 822, 827, 829, 1170, 671, 672, 671, 672, 827, 829, 671, 672, 189, 827, 671, 672, 1169, 1652, 672, 672, 671, 827, 829, 671, 672, 1652, 3465, 827, 829, 827, 822, 829, 3554, 671, 672, 671, 672, 827, 829, 672, 671, 827, 829, 1652, 672, 671, 1652, 3185, 671, 672, 671, 672, 827, 829, 189, 3465, 671, 672, 189, 827, 3554, 671, 672, 189, 822, 827, 829, 671, 672, 829, 3554, 671, 672, 2352, 671, 672, 3846, 3308, 671, 672, 2212, 829, 827, 672, 671, 671, 672, 822, 827, 829, 671, 672, 1652, 671, 672, 671, 672, 827, 829, 1077, 671, 672, 3465, 189, 822, 827, 829, 1652, 671, 672, 189, 829, 827, 829, 827, 3554, 671, 672, 827, 829, 672, 671, 172, 3141, 671, 672, 1169, 1996, 671, 672, 829, 827, 671, 672, 827, 829, 671, 672, 829, 3554, 671, 672, 827, 829, 3554, 827, 1652, 671, 672, 189, 827, 827, 829, 3554, 2269, 189, 671, 672, 822, 822, 827, 829, 829, 1170, 672, 671, 829, 672, 671, 4441, 1652, 1169, 672, 671, 1652, 1169, 671, 672, 1652, 671, 672, 671, 1652, 2293, 671, 672, 671, 672, 671, 672, 2480, 172, 671, 672, 672, 671, 1169, 671, 672, 1169, 1652, 1652, 1170, 671, 672, 671, 672, 1652, 672, 671, 1652, 672, 671, 672, 671, 672, 671, 672, 671, 672, 2293, 1652, 671, 672, 671, 672, 671, 672, 1652, 671, 672, 671, 672, 1652, 671, 672, 671, 672, 4805, 671, 672, 1170, 1169, 672]"
385,"[674, 360, 674, 2878, 674, 61, 1872, 674, 674, 2715, 2715, 950, 674, 2715, 151, 1104, 443, 443, 3065, 1925, 674, 674, 76, 1872, 2715, 3981, 674, 2516, 23, 4700, 674, 1872, 674, 674, 2011, 674, 2715, 1009, 2354, 4598, 4598, 1945, 1819, 3046, 1385, 2324, 4088, 674, 4042, 674, 1382]"
386,"[675, 1526, 2062, 675, 1526, 675, 675, 1950, 82, 2062, 675, 2062, 82, 675, 2062, 675, 2062, 675, 82, 82, 675, 675, 82, 675, 2062, 675, 675, 82, 675, 675, 82, 675, 2062, 675, 675, 78, 78, 675, 2062, 2062, 675, 78, 675, 675, 1590, 78, 675, 675, 2062, 675, 675, 249, 20, 78]"
387,"[677, 743, 771, 899, 677, 3379, 2052, 3871, 743, 844, 1475, 743, 1, 4304, 743, 3882, 3809, 844, 3882, 844, 363, 844, 743, 743, 2052, 677, 743, 677, 185, 83, 1879, 1498, 1930, 897, 841, 677, 38, 83, 4893, 5053, 5053, 841, 2227]"
388,"[406, 406, 357, 3217, 357, 2874, 1020, 406, 61, 357, 406, 61, 406, 61, 82, 324, 61, 61, 4145, 406, 82, 2866, 61, 2714, 61, 61, 324, 406, 2536, 61, 4145, 4431, 61, 739, 61, 4771, 78, 324, 2874, 406, 61, 406, 61, 357, 357, 61]"
389,"[681, 681, 1680, 681, 2285, 1890, 681, 681, 2285, 681, 681, 1526, 681, 681, 2285, 681, 681, 2285, 681, 1666, 681, 4082, 1890, 681, 681, 439, 681, 681, 2285, 681, 681, 1890, 681, 681, 82, 681, 2285, 681, 681, 2285, 681, 2285, 681, 2285, 2285, 681, 681, 1890, 681, 681, 1890, 681, 681, 2285]"
390,"[682, 856, 1243, 1676, 856, 2167, 2168, 59, 2390, 856, 59, 682, 856, 1077, 682, 856, 324, 1423, 682, 2961, 210, 2001, 682, 1243, 856, 2390, 682, 856, 59, 2001, 856, 1423, 682, 856, 59, 1243, 682, 856, 59, 3083, 1243, 2168, 856, 1202, 1243, 856, 2467, 682, 856, 856, 1243, 856, 856, 4251, 2870, 2728, 4276, 682, 856, 1243, 1243, 856, 324, 897, 4436, 1243, 856, 856, 1243, 4492, 2168, 856, 4492, 210, 856, 2168, 856, 4492, 129, 324, 682, 856, 3882, 2168, 856, 2467, 2168, 856, 23, 1077, 856, 2543, 324, 3973, 2570, 856, 2168, 856, 1925, 856, 2168, 249, 1568, 682, 856, 2168, 856, 1790, 324, 1423, 210, 1243, 856, 682, 856, 856, 1243, 2168, 2598, 2728, 682, 2749, 2570, 682, 856, 2168, 856, 2390, 682, 856, 2168, 3881, 1243, 324, 897, 2961, 856, 2168]"
391,"[683, 728, 737, 83, 534, 826, 457, 683, 737, 1353, 683, 1864, 737, 534, 83, 826, 457, 683, 683, 737, 534, 683, 728, 737, 83, 826, 683, 683, 728, 83, 534, 826, 3379, 2712, 683, 737, 83, 534, 826, 826, 457, 683, 737, 83, 534, 826, 457, 683, 728, 737, 3700, 83, 534, 457, 683, 737, 83, 534, 826, 1353, 457, 683, 3871, 683, 728, 737, 83, 534, 2712, 826, 457, 683, 737, 83, 534, 826, 683, 737, 83, 826, 457, 683, 683, 1386, 683, 683, 728, 737, 683, 737, 83, 534, 826, 1353, 457, 683, 728, 737, 83, 534, 809, 826, 2712, 457, 683, 683, 728, 737, 83, 534, 826, 1353, 457, 683, 737, 826, 2814, 457, 683, 737, 83, 534, 3894, 826, 683, 728, 737, 83, 534, 826, 457, 683, 1, 3112, 2720, 2720, 728, 737, 83, 534, 826, 2301, 457, 2720, 737, 534, 83, 826, 2301, 457, 2720, 4495, 2720, 737, 83, 534, 826, 2301, 457, 728, 737, 83, 534, 826, 457, 2720, 728, 2720, 728, 737, 83, 534, 826, 2301, 2720, 737, 83, 534, 826, 482, 2301, 457, 2720, 728, 737, 83, 534, 1353, 826, 2720, 4495, 2720, 737, 83, 534, 1353, 826, 2301, 2301, 2720, 728, 737, 83, 534, 826, 457, 2720, 2720, 728, 737, 83, 534, 826, 457, 2720, 737, 83, 534, 826, 2720, 737, 826, 1445, 2301, 457, 83, 534, 2720, 737, 83, 534, 826, 2301, 457, 83, 534, 826, 2712, 2301, 457, 2720, 2720, 728, 737, 83, 534, 826, 457, 2720, 737, 534, 83, 826, 2301, 2720, 737, 83, 534, 826, 650, 2720, 2720, 728, 737, 83, 826, 1353, 2720, 2720, 4495, 2720, 457, 2720, 737, 534, 826, 2720, 728, 737, 534, 83, 2720, 737, 826, 2227, 3064, 2720, 737, 83, 534, 826, 457, 2720, 728, 737, 83, 534, 1353, 826, 2301, 4495, 2720, 737, 83, 534, 826, 2712, 2301, 2720, 728, 737, 83, 534, 1353, 826, 2301, 457, 2720, 4495, 2720, 2720, 728, 737, 83, 534, 826, 2301, 457, 457, 4495, 2720, 737, 534, 83, 826, 2712, 457, 2720, 737, 83, 534, 1353, 826, 457, 4495, 2720, 728, 737, 83, 534, 826, 2712, 457, 2720, 2720, 728, 737, 534, 826, 2301, 2720, 737, 83, 534, 826, 457, 2720, 4495, 2720, 2720, 737, 4495, 2720, 4495, 2720, 2720, 737, 83, 534, 826, 2301, 2720, 2720, 728, 737, 83, 534, 826, 2720, 737, 83, 534, 1909, 457, 2720, 737, 83, 534, 1353, 826, 2720, 4495, 2720, 1909, 457, 2720, 728, 737, 83, 826, 457, 4495, 2301, 2301, 2720, 2720, 737, 826, 4772, 2055, 826, 457, 4772, 2055, 83, 534, 826, 1909, 2055, 534, 83, 826, 4772, 737, 4799, 2720, 4772, 2055, 534, 4996, 4772, 2055, 534, 83, 826, 2055, 83, 534, 4996, 83, 534, 826, 4772, 4495, 2055, 534, 83, 4772, 2055, 534, 3696, 4772, 4772, 2055, 534, 4772, 534, 826, 4772, 4996, 4772, 4893, 4893, 4772, 4996, 4314, 4996, 4772, 4495, 2055, 83, 4996, 4772, 2055, 83, 826, 2055, 83, 4772, 2055, 1386, 4996, 4772, 4772, 2055, 534, 83, 4772, 4772, 2055, 4772, 5079]"
392,"[687, 687, 1675, 687, 1675, 2262, 687, 687, 1675, 687, 687, 3802, 687, 1137, 687, 3321, 3321, 687, 687, 2262, 1087, 3827, 687, 687, 1675, 687, 687, 3731, 687, 4031, 4322, 324, 687, 394, 324, 324, 1675, 687, 394, 1441, 2262, 687, 687, 2262, 687, 687, 324, 394, 687, 1441, 42, 324, 687, 394, 687, 687, 1475, 1879, 4548, 4549, 4481, 1879, 1475, 1675, 687, 687, 1475, 1879, 1303, 4143, 1930, 416, 993, 4549, 4548, 3467, 1930, 179, 993, 4143, 687, 1879, 4548, 179, 1475, 1879, 687, 687, 2262, 687, 2262, 687, 687, 1475, 1879, 4528, 4143, 4548, 4549, 4481, 4549, 4548, 687, 4548, 4481, 4549, 179, 4549, 4548, 687, 1675, 687, 687, 4528, 3467, 179, 1475, 1879, 4528, 1303, 4143, 687, 4528, 1879, 4549, 4548, 4481, 4548, 4549, 3467, 179, 1879, 4671, 687, 4528, 4143, 993, 4481, 4549, 4548, 3467, 1879, 4143, 179, 3467, 4481, 4549, 4548, 179, 993, 2262, 687, 1675, 687, 2262, 687, 687, 1879, 4671, 4528, 416, 993, 1948, 4219, 3915, 179, 4549, 4548, 4481, 3467, 687, 1879, 4671, 4143, 993, 1948, 179, 3467, 4548, 4481, 4549, 3467, 179, 993, 4143, 1475, 2262, 687, 687, 394, 4549, 4548, 4481, 3467, 179, 1427, 4196, 715, 3081, 687, 687, 4671, 4528, 1303, 993, 1948, 1930, 179, 4548, 4549, 687, 1675, 687, 2262, 687, 1879, 4671, 1930, 993, 4548, 4549, 687, 1879, 4671, 4548, 4549, 687, 687, 4549, 687, 1879, 4671, 4549, 4548, 4481, 3467, 179, 1879, 1475, 4671, 687, 4801, 4801, 4671, 1879, 4548, 4549, 170, 2538, 1879, 687, 687, 4671, 4548, 687, 687, 2262, 687, 1018, 687, 1675, 687, 2262, 687, 1475, 4548, 4549, 3467, 179, 1879, 687, 1879, 4671, 4548, 4549, 4481, 687, 4671, 1879, 4481, 1303, 4549, 4481, 365, 179, 993, 4143, 1935, 2189, 2742, 1170, 4311, 687, 1675, 687, 687, 4671, 687, 993, 1930, 4548, 4549, 3467, 179, 687, 687, 993, 179, 4548, 4549, 4548, 4549, 416, 4528, 1879, 4671, 687, 2559, 687, 687, 1879, 4143, 3467, 4548, 687, 4671, 1879, 4143, 3915, 3467, 4548, 4549, 687, 1325, 1325, 4671, 1879, 3467, 4548, 4549, 1879, 4671, 687, 4671, 1879, 4548, 993, 4671, 4079, 687, 4671, 1879, 179, 4548, 4549, 687, 687, 1879, 179, 3467, 179, 4671, 1879, 687, 2262, 2559, 1879, 993, 179, 3467, 179, 1879, 4671, 1879, 4549, 687, 4671, 1879]"
393,"[688, 1638, 1380, 2716, 688, 2516, 688, 948, 948, 2079, 948, 283, 948, 948, 688, 948, 688, 1362, 456, 152, 688, 948, 688, 948, 1460, 102, 688, 948, 84, 688, 3596, 381, 688, 948, 82, 82, 948, 948, 84, 1355, 688, 1998, 948, 948, 3088, 283, 948, 93, 948, 757, 1460, 948, 3303, 948, 948, 1638, 1984, 948, 3303, 3074, 3303, 268, 1638, 3303, 3303]"
394,"[689, 689, 428, 324, 689, 689, 2859, 689, 1555, 3169, 2695, 2818, 3169, 2990, 1918, 1383, 689, 1129, 689, 689, 3169, 3225, 3169, 2990, 689, 689, 2695, 689, 2818, 689, 4060, 3650, 3650, 689, 689, 4201, 2613, 689, 3169, 3225, 2903, 2990, 2447, 4042, 2790, 26, 689, 3650, 689, 4201, 2613, 689, 3169, 3225, 1129, 3169, 2990, 2818, 689, 689, 4201, 2818, 3650, 689, 689, 4201, 2990, 3169, 3225, 689, 4201, 3656, 2818, 689, 2990, 3656, 689, 3169, 2613, 3322, 689, 689, 4060, 689, 2990, 3169, 2859, 689, 689, 3656, 689, 4201, 689, 324, 689, 2818, 4201, 689, 689, 2478, 2859, 689, 4060, 324, 3038, 689, 2387, 2818, 2990, 84, 2437, 3169, 3169, 2990, 5048, 689, 2818, 324]"
395,"[692, 1089, 692, 1089, 692, 1089, 1089, 187, 2149, 1089, 2686, 692, 1089, 3098, 3098, 187, 1761, 1089, 175, 692, 1089, 692, 692, 1089, 2440, 3773, 187, 458, 3295, 3705, 3537, 3537, 1089, 692, 1089, 692, 1089, 692, 1089, 692, 187, 23, 436, 692, 692, 406, 692, 692, 2481, 187, 692, 1089, 1089, 692, 1089, 1089, 692, 1089, 4431, 3540, 692, 692, 1175, 692, 1089, 3531, 692, 1089, 692, 1809, 692, 692, 1089, 692, 1089, 692, 692, 1089, 3824, 3601, 3537, 692, 692, 1089, 3147, 692, 692, 3537, 1761, 187, 1671, 82, 1089, 1089, 692, 1089, 82, 187, 187, 692, 187, 692, 3533, 187, 1197, 187, 692, 692]"
396,"[694, 1731, 1784, 1802, 377, 1802, 694, 1802, 2856, 1705, 3284, 910, 910, 1802, 357, 1802, 1802, 2590, 3698, 2570, 1802, 3896, 324, 1802, 694, 120, 1712, 120, 694, 1802, 36, 349, 1802, 120, 910, 1802, 910, 1802, 120, 120, 3293, 1167, 2733, 1802, 102, 1802, 1802, 120, 1802, 910, 1802, 120, 3797, 1802, 3466, 1802, 1802, 694, 2489, 1802, 694, 1703, 102, 3759, 324, 897, 324, 2451, 1802, 120, 694, 1802, 910, 2743, 1802, 120, 1802, 1025, 102, 443, 120, 694, 1802, 694, 3969, 694, 324, 1802, 120, 694, 1475, 694, 3466, 3730, 1707, 1802, 694, 1802, 694, 120, 694, 1802, 1802, 324, 694, 1991, 324, 694, 694, 910, 694, 694, 4893, 694, 5053, 694, 208, 1325, 5079, 1802]"
397,"[696, 696, 36, 696, 1864, 1951, 696, 696, 1925, 1925, 696, 3590, 3664, 696, 696, 3871, 3664, 696, 3664, 116, 406, 406, 1951, 131, 3664, 696, 696, 3590, 696, 3664, 3664, 1904, 2972, 696, 3027, 61, 82, 3664, 696, 696, 971, 696, 3899, 406, 696, 131, 406, 3986, 61, 494]"
398,"[697, 697, 324, 357, 1718, 1719, 697, 697, 2757, 697, 2757, 1719, 357, 1718, 697, 2757, 2757, 697, 1719, 697, 2757, 2757, 697, 697, 2757, 697, 1718, 2757, 697, 1718, 379, 1719, 697, 2757, 324, 1718, 2757, 697, 379, 1718, 2757, 697, 324, 379, 357, 2757, 697, 697, 2757, 2757, 697, 4050, 4051, 2757, 697, 2821, 4051, 2757, 697, 1719, 1718, 379, 697, 2757, 3273, 2819, 69, 697, 2757, 697, 2757, 697, 2757, 697, 2757, 697, 2757, 4051, 697, 2757, 4051, 697, 2757, 697, 2757, 697, 2757, 1718, 357, 2757, 4051, 2821, 2757, 324, 1718, 357, 1719, 2757, 697, 2757, 357, 1719, 697, 2757, 379, 697, 2757, 1526, 697, 2757, 1526, 2757, 557, 357, 2757, 1526, 3555, 1526, 3555, 1526, 2413, 3255, 1559, 4279, 4051, 598, 1526, 3555, 617, 3838, 4051, 4279, 1559, 363, 3233, 1777, 1456, 1030, 2163, 357, 4893, 2163, 5048, 357, 2163, 324, 5078]"
399,"[704, 1262, 704, 1569, 704, 704, 1569, 1569, 1262, 1262, 1569, 704, 1262, 704, 1262, 1569, 1262, 1262, 1569, 704, 1262, 1262, 704, 704, 3158, 1262, 1262, 1569, 1262, 1262, 4440, 704, 1262, 1262, 1569, 617, 1622, 1262, 1262, 704, 1262, 1262, 1569, 4650, 1262, 3029, 3371, 1569, 1569, 704, 1569, 1569, 4440, 704, 693, 1585, 1569, 1295, 704]"
400,"[706, 690, 778, 106, 1831, 778, 690, 706, 1831, 3115, 778, 690, 778, 706, 245, 3516, 706, 3334, 690, 778, 706, 1831, 706, 778, 690, 706, 1831, 706, 706, 690, 778, 2074, 3627, 3516, 1831, 3334, 690, 778, 778, 706, 690, 3627, 690, 778, 2661, 102, 3965, 2535, 2535, 706, 1831, 706, 690, 778, 778, 706, 706, 690, 1925, 706, 706, 1831, 106, 1035, 243, 706, 1831, 706, 1831, 1925, 706, 690, 778, 1831, 2210, 1831, 706, 2661, 1873, 706, 706, 2934, 706]"
401,"[707, 764, 972, 1314, 707, 707, 764, 972, 707, 707, 764, 707, 764, 707, 707, 764, 764, 972, 707, 764, 707, 764, 972, 707, 1314, 707, 764, 707, 972, 764, 707, 764, 707, 764, 972, 707, 972, 707, 707, 764, 972, 707, 764, 972, 707, 707, 764, 707, 972, 707, 764, 972, 707, 972, 707, 707, 1314, 707, 707, 764, 707, 764, 707, 764, 972, 707, 764, 972, 707, 1638, 707, 707, 764, 972, 972, 707, 764, 1209, 764, 707, 764, 707, 764, 764, 972, 707, 764, 972, 707, 707, 1314, 707, 707, 1209, 707, 764, 707, 972]"
402,"[708, 708, 2183, 708, 2422, 2447, 708, 708, 1191, 1671, 3302, 2721, 2232, 3455, 1018, 3455, 3455, 1659, 3455, 3455, 617, 1622, 3455, 3455, 771, 3295, 3455, 3455, 1659, 3455, 3455, 353, 18, 3455, 3455, 708, 708, 1196, 1873, 708, 4880, 4880, 2049, 545]"
403,"[709, 805, 2163, 709, 903, 805, 709, 805, 2513, 2851, 709, 805, 709, 805, 3462, 805, 709, 805, 805, 709, 709, 805, 709, 1475, 805, 709, 709, 805, 2500, 805, 1166, 1526, 324, 805, 2074, 4340, 709, 805, 709, 805, 3462, 805, 709, 805, 4340, 709, 805, 805, 1475, 805, 709, 805, 3462, 324, 61, 709, 805, 709, 805, 709, 805, 2961, 805, 709, 805, 3462, 709, 805, 4340, 709, 805, 709, 805, 897, 709, 805, 709, 805, 805, 3436, 709, 805, 709, 805, 805, 709, 805, 1475, 709, 709, 805, 1791, 709, 897, 805, 709, 805, 709, 3462, 805, 2853, 805, 709, 3462, 805, 908, 805, 3462, 805, 709, 805, 709, 805, 709, 805, 709, 805, 324, 805, 3462, 709, 897, 3462, 805, 1018, 709, 3462, 805, 709, 805, 3462, 4784, 324, 709, 3462, 805, 3462, 805, 805, 4784, 3462, 3462, 805, 324, 805, 805, 3472, 4784, 805, 709, 324, 805, 4784, 709, 805, 4893, 4893, 709, 805, 805, 3462, 1746, 709, 897, 805, 709, 805, 324, 102, 709, 897, 805, 324]"
404,"[710, 324, 226, 226, 2601, 48, 226, 226, 2601, 2996, 710, 710, 324, 1682, 2149, 3686, 324, 1075, 226, 2489, 2601, 226, 1030, 710, 710, 1077, 84, 176, 1645, 710, 710, 1905, 3451, 324, 324, 710, 4207, 4337, 3445, 710, 2626, 5053, 2695, 3730]"
405,"[711, 757, 84, 1204, 1536, 1762, 288, 757, 93, 1872, 3120, 791, 1903, 2352, 2005, 3304, 757, 2387, 1649, 3742, 791, 93, 1202, 757, 3212, 3419, 757, 3268, 757, 757, 406, 82, 406, 3595, 3595, 692, 288, 3595, 3595, 142, 2716, 757, 82, 3757, 3595, 3284, 93, 2005, 3595, 3595, 3709, 288, 3595, 2790, 3595, 3595, 757, 1147, 288, 1784, 791, 3595, 1202, 61, 1659, 93, 2046, 757, 3595, 757, 1322, 757, 2590, 757, 3595, 757, 1191, 757, 3595, 4688, 791, 2005, 757, 2046, 2815, 3595, 1202, 406, 3595, 324, 324, 4950, 3324, 3595, 3595, 5002, 324, 3595, 3595, 757, 3330, 3595, 5002, 4060, 2046, 4893, 3595, 757, 791, 757, 3595, 1536, 1872, 2833, 3139, 757, 3595, 2484, 5002]"
406,"[226, 266, 1040, 102, 1863, 1874, 793, 2122, 2150, 257, 266, 1040, 2122, 2122, 266, 2150, 1040, 2150, 1040, 2150, 257, 1040, 266, 1040, 2150, 1712, 2150, 1040, 266, 3960, 2122, 2150, 2122, 3960, 2150, 2489, 3148, 2940, 3960, 3960, 1950, 1040, 3960, 2150, 4436, 2150, 266, 3960, 1040, 226, 2150, 1237, 3960, 2122, 2150, 2500, 2150, 1040, 266, 1487, 1040, 2150, 1040, 2150, 3024, 1712, 266, 266, 3960, 2150, 2764, 227, 2122, 266, 3960, 2150, 1387, 266, 1040, 3960, 266, 1040, 266, 2150, 2150, 3960, 3960, 2150, 1992, 257, 3960, 2150, 2481, 1712, 1040, 2150, 3066, 266, 4850, 2150, 2150, 2141, 4850, 2150, 226, 226, 2150, 2895, 321, 2477, 2399, 3960, 3469, 226, 3244, 3272, 2150]"
407,"[713, 714, 802, 894, 1264, 1320, 714, 714, 713, 713, 3047, 894, 2067, 713, 713, 714, 3161, 3163, 894, 714, 3161, 713, 1264, 3161, 802, 3403, 713, 894, 802, 3161, 802, 1264, 713, 3558, 894, 713, 714, 3161, 894, 3047, 802, 713, 713, 802, 920, 713, 713, 66, 713, 894, 713, 714, 3161, 802, 3047, 3161, 894, 802, 3161, 1252, 2623, 713, 714, 713, 3161, 802, 2067, 714, 713, 713, 3558, 714, 713, 713, 714, 713, 714, 3161, 802, 3161, 3047, 894, 713, 714, 713, 714, 920, 3403, 713, 802, 3163, 3163, 713, 714, 3161, 713, 713, 802, 714, 1255, 894, 802, 3558, 802, 713, 920, 4418, 894, 3762, 3161, 4497, 4497, 713, 713, 4497, 3161, 802, 894, 714, 4497, 3161, 4497, 1774, 2067, 101, 4497, 2535, 4497, 1264, 4497, 3163, 815, 894, 4497, 802, 3762, 3403, 4497, 3161, 802, 713, 3163, 894, 4497, 713, 3403, 4497, 3161, 713, 713, 4055, 4497, 3163, 894, 1385, 1578, 1385, 1385, 3047, 920, 920, 4497, 894, 894, 4497, 3161, 504, 802, 802, 4497, 3161, 920, 4497, 4613, 894, 3161, 802, 3161, 713, 3914, 4613, 3914, 2067, 4279, 3639, 3639, 4497, 3161, 3161, 802, 802, 3047, 920, 3914, 713, 894, 4497, 3161, 4497, 3161, 3161, 713, 3914, 920, 3856, 3914, 894, 2314, 2535, 3163, 4497, 894, 4418, 2314, 3161, 3161, 249, 894, 2067, 4497, 3161, 4497, 894, 4418, 1264, 66, 4497, 504, 3163, 713, 3639, 920, 2314, 894, 504, 802, 3163, 4497, 3161, 1264, 309, 309, 1015, 1539, 1264, 2559, 4497, 3161, 4497, 3047, 2535, 498, 4613, 3161, 713, 3914, 3914, 4613, 4497, 4613, 3914, 3403, 713, 4613, 504, 2067, 4613, 3047, 4497, 1264, 3639, 4497, 802, 894]"
408,"[715, 716, 1096, 1354, 1354, 715, 716, 715, 716, 715, 716, 2835, 2692, 2999, 716, 3094, 3167, 715, 716, 1354, 715, 716, 1096, 716, 715, 716, 2835, 716, 716, 715, 716, 715, 3167, 3870, 3871, 3882, 716, 715, 2835, 1343, 716, 715, 715, 2835, 716, 715, 716, 716, 715, 1096, 2439, 715, 1975, 3870, 4162, 2835, 716, 715, 716, 716, 715, 2835, 716, 715, 2835, 1354, 716, 3167, 3675, 4276, 1354, 716, 715, 2835, 716, 1096, 715, 716, 1354, 716, 715, 3870, 1354, 1485, 510, 716, 715, 716, 715, 715, 716, 1096, 2835, 715, 716, 715, 3675, 715, 716, 715, 1096, 715, 26, 18, 2646, 716, 3167, 1354, 4589, 1354, 715, 1354, 715, 3870, 1354, 716, 715, 715, 716, 715, 2835, 715, 2835, 1354, 716, 2835, 1096, 716, 715, 2835, 716, 716, 715, 715, 3675, 3167, 715, 715, 3675, 715, 2439, 3675, 715, 4386, 1354, 715, 715, 1354, 1354, 715, 1869, 3845, 1354, 3167, 3167, 2439, 2439, 3870]"
409,"[717, 717, 406, 406, 717, 717, 1659, 3531, 717, 717, 3574, 717, 717, 1682, 717, 717, 1682, 717, 717, 3574, 2448, 4372, 3574, 717, 717, 61, 1010, 61, 717, 2999, 717, 717, 3092, 2894, 126, 126, 717, 717, 2474, 126, 717, 717, 3550, 4381, 717, 717]"
410,"[718, 1455, 1455, 475, 3258, 3263, 3263, 718, 1455, 397, 3263, 718, 1455, 1466, 718, 1455, 3263, 2040, 3263, 3925, 718, 2972, 4349, 718, 3263, 2040, 718, 3925, 1455, 3263, 718, 718, 3312, 4297, 2040, 3263, 3263, 3925, 1455, 3263, 2040, 3925, 2009, 2712, 3925, 718, 2040, 3263, 3925, 3263, 3263, 3925, 3925, 1455, 1455, 3263, 2040]"
411,"[441, 2092, 1490, 1490, 2092, 1490, 2092, 1490, 2092, 1490, 2092, 3607, 1490, 2092, 1490, 1490, 2092, 1490, 2092, 2092, 1490, 2092, 2676, 1075, 3029, 1490, 2092, 1490, 2092, 357, 1490, 2092, 1717, 3088, 3088, 3377, 4094, 1490, 2092, 2092, 1490, 2092, 1179, 1490, 2092, 1490, 2092, 1490, 2092, 1490, 2092, 1490, 2092, 1490, 2092, 1490, 2092, 1490, 2092, 2092, 1169, 1490, 1490, 2092, 1490, 2092, 1490, 2092, 1490, 2092, 1490, 2092, 1490, 2092, 2092, 1169, 4598, 2035, 1179, 1490, 1170, 1490, 2092, 1490, 1490, 61, 2676, 1490, 2092, 1638, 1055, 1490, 2092, 2092, 1490, 2092, 1490, 2092, 1490, 2293, 61, 1490, 2092, 2092, 1490, 2092, 2092, 1490, 2092, 3088, 4893, 4893, 1614, 2092, 1490, 2092, 2092, 1490, 2092, 1638, 3235, 2092, 1638, 5079]"
412,"[723, 723, 2037, 723, 2975, 723, 1237, 23, 777, 723, 723, 23, 777, 723, 793, 1237, 23, 723, 690, 723, 777, 723, 777, 23, 777, 3035, 723, 23, 151, 723, 777, 23, 417, 777, 23, 3035, 723, 3035, 23, 777, 723, 777, 3035, 723, 23, 4237, 723, 23, 777, 723, 1237, 777, 3035, 4237, 23, 723, 723, 3035, 777, 23, 723, 23, 777, 3035, 723, 723, 777, 3035, 977, 723, 23, 777, 3035, 723, 3035, 777, 23, 4237, 723, 151, 3053, 723, 3035, 23, 777, 723, 723, 777, 3035, 23, 4237, 723, 777, 3035, 23, 723, 723, 3035, 723, 723, 777, 23, 777, 23, 723, 777, 3035, 23, 723, 723, 23, 723, 1087, 777, 3035, 723, 777, 723, 723, 777, 3035, 23, 723, 777, 3035, 723, 777, 3035, 23, 723, 723, 777, 3035, 23, 723, 777, 23, 777, 3035, 23, 723, 777, 3035, 23, 723, 23, 777, 3356, 777, 3035, 23, 723, 777, 3035, 723, 777, 23, 723, 723, 777, 23, 777, 3035, 23, 723, 777, 3035, 23, 777, 3035, 3035, 23, 1012, 777, 3035, 23, 777, 3035, 3035, 23]"
413,"[670, 1254, 1585, 1254, 1254, 2886, 1310, 1223, 2886, 1254, 670, 4341, 670, 1585, 2886, 3285, 4440, 1585, 1223, 2886, 670, 4341, 2886, 4341, 4341]"
414,"[726, 726, 489, 1112, 1001, 2218, 2587, 2690, 2587, 3089, 3089, 1646, 2218, 726, 489, 489, 1646, 726, 489, 2218, 489, 2587, 2447, 2384, 726, 2218, 1646, 2890, 726, 1646, 498, 2587, 726, 726, 3449, 489, 1646, 1209, 3070, 726, 489, 1729, 2967, 726, 1646, 489, 2967, 3449, 1313, 3190, 726, 1209, 3070, 489, 29, 3449, 1646, 726, 2587, 489, 3449, 2587, 1646, 324, 726, 489, 3449, 1646, 726, 2967, 726, 1918, 1995, 2545, 489, 324, 726, 3449, 726, 4571, 498, 1646, 2587, 726, 2316, 4571, 726, 489, 726, 2587, 1646, 1646, 726, 1646, 3449, 489, 726, 726, 4554, 1646, 1646, 489, 4571, 489, 2669, 489, 2587, 3299, 489, 1646, 971, 151, 4814, 1646, 971, 4393, 324, 1646, 1646, 2218, 1646, 1646, 3299, 2314, 1646, 971, 245, 1646, 324, 4571, 489, 1646, 2218, 4571, 971, 971, 726, 726, 1646, 489, 726, 1682, 489, 4571, 489, 1646, 1646, 489, 2587, 1646]"
415,"[727, 727, 2646, 3345, 727, 727, 3308, 727, 3655, 727, 3321, 727, 727, 3679, 727, 3792, 727, 727, 61, 727, 3692, 3276, 727, 3345, 298, 3655, 2822, 1998, 727, 3345, 82, 3655, 727, 2483, 727, 727, 2712, 229, 1475, 406, 229, 406, 727, 1450, 61, 653, 356, 1762, 3792, 2822]"
416,"[729, 927, 1266, 1030, 729, 729, 1099, 729, 729, 3882, 1099, 729, 729, 1266, 1266, 1665, 1576, 1266, 1638, 4518, 729, 1266, 729, 729, 4518, 4518, 729, 4518, 729, 729, 1266, 4518, 1266, 729, 1665, 729, 4518, 729, 729, 1266, 729, 1266, 729, 617, 4518, 4518, 729, 729, 1099, 4420, 729, 729, 1266, 4518, 729, 729, 1266, 729, 729, 3205, 729, 1707, 729]"
417,"[730, 1401, 1402, 2487, 2487, 1401, 1402, 1401, 1402, 2487, 1401, 1402, 2487, 1402, 1401, 2487, 730, 2487, 1401, 730, 1402, 1401, 730, 3901, 3901, 730, 3874, 1401, 1402, 730, 1401, 1402, 730, 1401, 1402, 2487, 1401, 1402, 730, 730, 3901, 1402, 1401, 730, 4332, 730, 1401, 1402, 1401, 1402, 1402, 1401, 1402, 1028, 1401, 1402, 1401, 1402, 1401, 1402, 1401, 1402, 730, 4332, 1401, 1402, 642, 1401, 1402, 1401, 1402, 1401, 1402, 1725, 1401, 1402, 1401, 1402, 1402, 1401, 1401, 1402, 169, 148, 129, 3994, 2816, 337, 2038, 1401, 1402, 1402, 1401, 730, 169, 148, 2487, 1401, 1402, 730, 642, 1401, 1402, 1401, 1402, 1402, 1401, 1402, 730, 1401, 1402, 1401, 1402, 1402, 1401, 3901, 1401, 1402, 1401, 1402, 169, 121, 249, 2487, 1402]"
418,"[732, 1015, 1078, 1797, 151, 151, 732, 378, 1090, 1078, 732, 378, 3494, 1078, 1746, 1078, 2260, 207, 1385, 732, 1078, 2260, 732, 1078, 1746, 3700, 679, 1746, 1797, 732, 732, 3882, 732, 363, 3927, 363, 1078, 732, 1746, 2260, 1078, 1385, 1746, 151, 1797, 4276, 1578, 4436, 4436, 3494, 249, 4527, 207, 207, 732, 3436, 732, 1578, 1797, 2477, 2180, 1797, 1925, 1078, 2940]"
419,"[738, 977, 1861, 2060, 2060, 738, 2060, 738, 738, 3155, 738, 2060, 738, 2427, 2060, 738, 738, 977, 738, 738, 3155, 738, 738, 3155, 738, 738, 3155, 1638, 3155, 738, 4457, 738, 738, 2626, 738, 738, 2626, 738, 738, 845, 738, 2626, 738, 738, 2626, 1950, 406, 738, 2427, 738, 738, 2237, 1638, 738, 738, 2427, 738, 738, 2060, 2427, 738, 2060, 738, 738, 2060, 738, 3155, 738, 2626, 738, 738, 2060, 738, 3155, 738, 669, 738, 1861, 1625, 738, 2427, 738, 738, 2427, 738, 2626, 3155, 142, 738, 3936, 977, 352, 3155, 3155, 738, 3891, 3038, 738, 2427, 3891, 738, 2437, 738, 738, 1045, 738, 3563, 738, 1045, 2060, 738, 738, 2427, 738, 2427, 2427, 3936, 738, 3936, 1045, 738, 738, 2427, 738, 2427, 1045]"
420,"[739, 1556, 1596, 1599, 1662, 1928, 2005, 1603, 2280, 2645, 1928, 2913, 1104, 739, 2645, 1603, 739, 739, 1270, 1322, 739, 1750, 1556, 2266, 791, 739, 739, 1662, 739, 2816, 1662, 1202, 1520, 352, 4288, 1381, 739, 2280, 1614, 616, 1662, 739, 739, 4006, 2183, 2618, 739, 1556, 1662, 739, 1104, 1322, 1659, 739, 739, 1196, 1599, 1750, 1556, 3324, 4927, 1928, 739, 1145, 1145, 1556, 1599, 3341, 1662, 2673, 1145, 1556, 739, 739, 1622, 1145, 3359, 1104, 1599, 1145, 1901, 739, 739, 791, 151, 5075, 1659, 1662]"
421,"[740, 741, 742, 834, 1267, 740, 742, 741, 834, 740, 742, 1267, 1267, 740, 742, 741, 834, 741, 741, 1267, 740, 742, 834, 1267, 740, 742, 741, 834, 742, 741, 742, 1267, 740, 1267, 741, 740, 742, 741, 742, 740, 1267, 834, 834, 1267, 740, 742, 741, 834, 742, 740, 1267, 834, 740, 1267, 742, 741, 740, 742, 1267, 741, 742, 834, 741, 740, 742, 1267, 834, 1267, 742, 740, 741, 834, 1267, 742, 741, 740, 834, 741, 740, 742, 1267, 834, 741, 742, 740, 1267, 1267, 740, 742, 742, 1267, 741, 740, 1267, 742, 741, 740, 834, 741, 742, 1267, 740, 834, 742, 1267, 740, 741, 740, 742, 1267, 834, 742, 741, 1267, 740, 834, 742, 740, 741, 1267, 834, 1267, 740, 742, 741, 834, 742, 740, 741, 1267, 122, 742, 1267, 740, 1267, 741, 740, 742, 834, 742, 1267, 740, 741, 834, 1267, 742, 740, 741, 834]"
422,"[746, 904, 904, 746, 1323, 1792, 746, 746, 904, 3046, 375, 746, 904, 904, 746, 904, 904, 3685, 3685, 746, 904, 2531, 746, 3621, 3685, 1729, 18, 3685, 746, 904, 904, 4598, 4542, 746, 904, 746, 904, 904, 746, 904, 746, 904, 746, 4801, 904, 1792, 2644, 904, 746, 904, 746, 904, 904, 1792, 746, 904, 746, 904, 746, 904, 746, 904, 746, 904, 2553, 3685, 904, 3812]"
423,"[406, 2195, 2683, 3115, 427, 443, 2862, 2683, 1809, 2537, 2290, 3363, 2683, 2195, 2683, 1914, 102, 102, 3015, 532, 2195, 2683, 3321, 1784, 4233, 1927, 1509, 1925, 4589, 2481, 3533, 2551, 1750, 102, 406, 969, 2195, 102, 499, 102, 2683, 1809, 2195, 2683, 2171, 102, 2195, 1974, 3279, 499, 1680, 4356, 2195, 2683, 1720, 2195, 2195, 2683, 4399, 2195, 1134, 2683, 4814, 2858, 4893, 3295, 36, 2851]"
424,"[751, 751, 1864, 751, 751, 2975, 751, 3556, 3700, 3756, 3063, 3756, 3556, 751, 3556, 3756, 3556, 751, 3556, 3556, 3756, 3556, 751, 3756, 3556, 751, 4276, 751, 3756, 3556, 751, 3756, 751, 3556, 3756, 751, 3556, 3756, 3556, 751, 3556, 82, 82, 644, 3556, 3556, 751, 751, 3556, 751, 3556, 751, 3556, 3556, 751, 3556, 751, 751, 3556, 751, 751, 3556, 751, 751, 3756]"
425,"[757, 757, 256, 1700, 1872, 757, 757, 676, 1872, 676, 757, 757, 676, 757, 2706, 1803, 1872, 490, 757, 757, 324, 757, 676, 36, 3021, 1872, 490, 757, 757, 1872, 757, 910, 757, 910, 757, 910, 910, 757, 2167, 910, 910, 676, 1903, 1729, 757, 676, 3294, 910, 910, 1147, 1872, 1729, 2885, 910, 910, 370, 910, 910, 3742, 3120, 3340, 4085, 381, 910]"
426,"[761, 761, 1654, 761, 761, 2933, 3252, 1654, 2199, 2478, 761, 3636, 761, 102, 761, 812, 761, 761, 3636, 3636, 3321, 3636, 3636, 1173, 2879, 3636, 2199, 4426, 518, 702, 3636, 1490, 3636, 1475, 3636, 1405, 3636, 1018, 3636, 761, 3636, 3636, 971, 761, 1638, 2968, 406, 3636, 3636, 761, 3636, 761, 3636, 3636, 761, 3636, 1880, 3636, 3636, 1654, 3636, 3980, 3636, 3636, 4299, 3636, 3636, 1880, 3636, 1505, 761, 1865, 761, 2210, 1611, 2927]"
427,"[762, 1125, 1139, 1152, 1125, 762, 762, 1125, 406, 357, 762, 3176, 1125, 1125, 1139, 1075, 762, 1018, 762, 3176, 762, 762, 1589, 1509, 762, 3324, 151, 762, 762, 1125, 1075, 1152, 2623, 762, 1125, 427, 762, 762, 2280, 3048, 762, 3176, 1125, 172, 4222, 1362, 357, 762, 175, 1125, 403, 762, 2738, 2703, 1125, 762, 1125, 1125, 1898, 175, 1873, 1740, 762, 762, 3176, 1125, 1139, 4213, 1125, 226, 175, 1125, 1125, 175, 1168, 1904, 4392, 1716, 4090, 370, 559, 1998, 1168, 580, 762, 762, 1018, 762, 762, 2823, 61, 1125, 762, 762, 175, 1139, 1125, 1139, 762, 1125, 762, 762, 1139, 1125, 1292, 3865, 1771, 762, 762, 1139, 762, 3176, 3832, 2833, 1139, 1125, 762, 1147, 762, 175, 4543, 762, 1018, 406, 762, 762, 3176, 1201, 4352, 1726, 175, 175, 1018, 3176, 3325, 3176, 762, 61]"
428,"[226, 269, 855, 855, 226, 855, 855, 226, 226, 855, 226, 855, 1343, 855, 855, 226, 410, 1343, 855, 855, 226, 855, 855, 226, 855, 226, 855, 226, 855, 226, 855, 855, 226, 855, 855, 226, 855, 226, 855, 269, 855, 226, 855, 855, 226, 855, 226, 855, 226, 855, 226, 855, 855, 352, 855, 226, 855, 855, 226, 1320, 226, 226, 793, 855, 855, 226, 226, 855, 855, 226]"
429,"[770, 774, 772, 974, 1531, 2013, 1864, 770, 774, 772, 2193, 1531, 2648, 770, 772, 774, 2193, 1531, 1531, 2013, 3314, 770, 772, 774, 2193, 1531, 770, 772, 774, 974, 2013, 774, 770, 772, 974, 2193, 1531, 2008, 770, 772, 774, 2336, 616, 3700, 3700, 2013, 1531, 770, 774, 3913, 1531, 3946, 974, 616, 3965, 3314, 772, 770, 774, 974, 3946, 1531, 772, 770, 774, 616, 616, 774, 616, 1531, 774, 1531, 3965, 774, 616, 770, 774, 1531, 774, 1531, 3314, 974, 774, 4113, 774, 3913, 774, 1531, 774, 616, 1531, 774, 774, 616, 974, 974, 774, 616, 974, 774, 974, 774, 974, 774, 974, 3946, 616, 3946, 974, 974, 3946, 974, 3946, 2013, 2013, 616, 2013, 774, 774, 2417, 4648, 774, 2193, 4648, 774, 3482, 1578, 3534, 1313, 3515, 2008, 2648, 774, 1356, 4902, 2013, 2417, 2193, 774, 2526, 2535, 2002, 4902, 3223, 2013, 2002, 245, 337, 2038, 2648, 29, 2013, 2013, 2002, 2526, 4648, 4737, 2002, 4902, 2535, 974, 4674, 3913, 2002, 2535, 1356, 2002, 770, 774, 1356, 770, 1793, 406, 1851, 2526, 2618, 4660, 4902, 2535, 2013, 2174, 4648, 4737, 2417, 3946, 974, 2535, 2013, 2002, 2526, 4648, 2417, 974, 3946, 770, 4113, 2002, 2174, 2526, 4648, 2417, 3946, 1356, 1356, 2193, 2535, 4902, 2819, 2002, 4648, 2417, 3946, 974, 1356, 2002, 2535, 2174, 2526, 4648, 2417, 2535, 2174, 2526, 4802, 1356, 4902, 2002, 4648, 2417, 770, 1356, 2526, 2417, 770, 1356, 4902, 2013, 2002, 2535, 2174, 2526, 2417, 770, 2193, 2008, 475, 2700, 2013, 4902, 3515, 2002, 2013, 4902, 2002, 4045, 2013, 2002, 770, 4802, 3314, 2008, 2417, 974, 3946, 4113, 3965, 4648, 2417, 1356, 4113, 2013, 2013, 2002, 2002, 2174, 2526, 4737, 4648, 2417, 1356, 770, 774, 3515, 2535, 2013, 2535, 4648, 2417, 770, 2174, 4648, 4737, 2417, 3913, 770, 1717, 2013, 4902]"
430,"[771, 771, 2920, 771, 771, 3189, 771, 771, 2985, 3743, 771, 3551, 771, 771, 3884, 771, 1950, 771, 3717, 771, 3660, 771, 771, 4534, 771, 771, 3591, 3508, 771, 771, 2556, 771, 771, 2016, 771, 771, 3200, 3507, 771, 771, 3209]"
431,"[773, 1157, 2164, 2288, 1659, 2883, 1731, 3319, 1776, 354, 1729, 1731, 1548, 1918, 4015, 3338, 4094, 1731, 3777, 4165, 2862, 1791, 1536, 1776, 3406, 2513, 3320, 2513, 2739, 2583, 2583, 4211, 1289, 3296, 2387, 3083, 2017, 1925, 23, 1374, 1614, 4539, 3413, 1224, 4165, 3855, 354, 354, 3090, 3666, 1374, 2230, 1743, 2305, 375, 4165, 4165, 344, 3964, 1967, 2049, 3679, 2164, 4062, 4191, 354, 3080, 2865, 76, 4611, 1925, 1383, 3319, 1678, 2878, 2878, 2387, 773, 2878, 61, 1659, 2478, 3319, 3378, 3483, 502, 354, 1951, 3743, 2865, 4165, 1659, 82, 1173, 1173, 3791, 3670, 417, 1731, 1923, 2640, 2232, 950, 4015, 1325, 1268, 1667, 1786]"
432,"[776, 1517, 1517, 3149, 1517, 3149, 1015, 36, 3149, 776, 3149, 776, 1517, 3149, 1517, 3149, 1517, 776, 1517, 776, 776, 1517, 3149, 776, 776, 1517, 1517, 3149, 776, 776, 1517, 1517, 776, 1517, 776, 776, 555, 753, 776, 1517, 776, 1517, 776, 776, 1517, 776, 1517, 3149, 776, 3149, 1517, 3149, 1957, 4265, 380, 3149, 776, 1517, 776, 3149, 776, 1517, 776, 776, 1517, 776, 3149, 776, 776, 1517, 3149, 596, 3149, 3149, 3784, 776, 2659, 2892, 3061, 1940, 2778, 776, 776, 3149, 536, 3149, 776, 1517, 3149, 3149, 1992, 3149, 380, 3784, 3149, 1517, 596, 1517, 3149, 1517, 439, 3784, 3784, 1517, 3149, 4359, 1517, 1517, 439, 555, 753, 753, 2154, 3784]"
433,"[779, 779, 1141, 1257, 779, 159, 779, 779, 1597, 779, 779, 3654, 779, 779, 331, 1591, 779, 1141, 779, 779, 1597, 779, 779, 2963, 779, 779, 3584, 1576, 779, 1141, 1597, 779, 779, 1257, 779, 1597, 779, 159, 779, 176, 1183, 4246, 779, 1257, 779, 779, 1016, 779, 779, 159, 779, 779, 380, 2398, 779, 4246, 779, 331, 779, 779, 2271, 779, 779, 1257, 779, 1141, 380, 1141, 779, 779, 1597, 779, 779, 3584, 176, 779, 1257, 779, 779, 1257, 159, 331, 2192, 2271, 779, 1257, 779, 779, 159, 779, 779, 1597, 779, 779, 380, 779, 1257, 380, 1257, 779, 779, 3654, 1591, 1598, 159, 1030]"
434,"[785, 995, 785, 176, 1159, 785, 785, 995, 785, 785, 995, 785, 785, 995, 785, 785, 995, 785, 995, 785, 785, 1205, 995, 159, 411, 785, 995, 785, 3766, 785, 995, 995, 785, 785, 995, 785, 24, 4222, 357, 3766, 995, 785, 995, 1159, 176, 785, 995, 785, 176, 1159, 785, 995, 976, 995, 785, 995, 785, 3766, 3766, 995, 785, 976, 3766, 785, 785, 995, 785, 785, 976, 785, 785, 976, 785, 995, 785]"
435,"[788, 786, 789, 786, 788, 1255, 257, 788, 257, 789, 257, 789, 788, 786, 1213, 226, 422, 226, 108, 226, 1177, 1715, 226, 54, 226, 2777, 257, 788, 786, 1310, 4178, 4178, 1503, 4271, 4178, 4271, 794, 792, 4271, 4178, 4178, 4271, 4271, 4178, 1255, 786, 226, 4178, 4271, 1957, 789, 786, 226, 4271, 2924, 4271, 4178, 788, 786, 1255, 786, 788, 789, 4178, 4271, 2420, 4271, 4178, 1177, 4178, 4271, 4271, 4178, 786, 788, 4178, 4271, 4178, 4271, 4271, 4178, 4178, 4271, 4178, 4271, 4178, 789, 788, 4271, 4178, 1141, 4178, 4271, 4178, 4271, 1715, 2777, 226, 4178]"
436,"[790, 790, 2528, 2786, 790, 2786, 790, 3101, 790, 3101, 2786, 2786, 790, 790, 2528, 790, 2528, 790, 790, 3101, 790, 790, 3101, 2786, 790, 790, 1477, 3285, 2528, 790, 790, 3201, 790, 790, 3101, 2528, 3101, 2786, 790, 2786, 790, 3201, 790, 2528, 790, 2786, 790, 4525, 3101, 4525, 1477, 3201, 790, 790, 4525, 2528, 3101, 790, 2383, 2528, 790, 3201, 790, 3101, 2528, 790, 790, 2786, 790, 2786, 790, 2528, 3101, 2528, 2528, 4525, 2528, 2528, 2786, 790, 790, 2528, 790, 2528, 790, 374, 380, 2528, 4525, 2528, 790, 790, 2528, 4525, 790, 4525, 790, 2528, 3201, 4525, 2528, 790, 3101, 2528, 790, 3201, 3101, 2528, 2528, 4525, 790, 4525, 790, 3201, 4525, 4525, 2528, 790, 3201, 790, 2528, 790, 2528, 4525, 4525, 790, 2528, 790, 790, 3201, 790, 2528, 2528, 4525, 790, 2528, 4525, 790, 790, 2528, 4525, 790, 2528, 790, 3101, 2528, 790, 790, 3201, 2528, 790, 2528, 3101, 2528, 790, 3201, 4525]"
437,"[791, 1268, 62, 102, 102, 1268, 1289, 791, 1268, 2964, 3080, 427, 1268, 1872, 1761, 1268, 312, 1659, 2590, 1872, 2590, 1268, 1268, 2590, 557, 1576, 2840, 2834, 1268, 1268, 950, 102, 1268, 1872, 1429, 2926, 366, 845, 4457, 2443, 517, 2964, 4457, 1268, 1927, 4318, 4457, 102, 1976, 102, 1599, 1268, 1429, 4015, 3012, 1096, 417, 1173, 344, 241, 1381, 1096, 3807, 1614, 3524, 1701]"
438,"[795, 795, 2135, 36, 1712, 1680, 1216, 795, 2135, 795, 3116, 795, 36, 795, 36, 70, 795, 36, 36, 70, 2055, 36, 3116, 795, 36, 3858, 795, 36, 2055, 795, 795, 36, 795, 36, 795, 2135, 795, 36, 795, 36, 795, 70, 1216, 795, 3116, 1847, 2135, 36, 70, 795, 2227, 36, 2135, 551, 3116, 795, 36, 795, 36, 2055, 2135, 70, 795, 36, 385, 36, 70, 795, 795, 3116, 795, 36, 70, 36, 795, 36, 795, 36, 3116, 1216, 3858, 795, 36, 1213, 795, 36, 795, 36, 2227, 795, 36, 2971, 795, 2135, 795, 36, 795, 36, 3116, 795, 36, 795, 2135, 3146, 795, 36, 576, 36, 3815, 1202, 1680, 1488, 1662, 36, 1578, 795, 36]"
439,"[796, 102, 1127, 1130, 1165, 102, 898, 796, 102, 2801, 102, 1127, 796, 102, 102, 1127, 102, 796, 1127, 1130, 1127, 796, 102, 102, 796, 102, 3705, 796, 102, 1127, 3212, 102, 102, 796, 102, 796, 102, 1127, 796, 102, 796, 102, 1127, 102, 102, 1127, 796, 102, 1127, 1130, 1127, 102, 102, 796, 102, 102, 796, 102, 1127, 102, 796, 102, 1127, 102, 796, 102, 1127, 102, 796, 102, 1130, 1127, 796, 102, 1127, 102, 796, 102, 796, 102, 102, 796, 102, 1130, 434, 796, 102, 796, 102, 1127, 102, 102, 1127, 1127, 796, 102, 1127, 102, 796, 102, 3658, 1127, 1445, 102, 1127, 1127, 102]"
440,"[800, 1624, 1864, 800, 2672, 800, 1624, 800, 2321, 2547, 800, 3379, 800, 2804, 1799, 800, 1901, 800, 2672, 169, 2722, 800, 800, 2672, 464, 3100, 1624, 1670, 800, 2804, 1799, 800, 800, 1624, 800, 2672, 2804, 2932, 473, 800, 2672, 1624, 3601, 473, 1713, 4436, 3901, 800, 2672, 800, 800, 2672, 800, 2804, 2203, 800, 2672, 800, 800, 1624, 3224, 129, 3901, 4589, 2653, 169, 2541, 800, 129, 800, 800, 3901, 800, 2672, 800, 2672, 800, 800, 2672, 800, 2672, 800, 800, 1624, 800, 473, 800, 800, 169, 3224, 4801, 800, 439, 3439, 1624, 800, 1624, 1624, 1814, 1551, 800, 2672, 2968, 2672, 800, 800, 1035, 800, 169, 3274, 800, 4082, 800]"
441,"[808, 250, 1328, 808, 808, 2407, 808, 1328, 808, 808, 1328, 808, 808, 1559, 808, 1328, 2407, 808, 808, 2407, 1328, 808, 3690, 2941, 808, 1328, 1456, 808, 3882, 808, 808, 1328, 2407, 2407, 808, 808, 1328, 808, 1328, 808, 808, 1328, 808, 808, 1328, 808, 808, 1328, 808, 4192, 808, 808, 3215, 808, 3215, 808, 2407, 808, 3215, 808, 808, 1328, 808, 808, 2941, 808, 808, 1328, 808, 808, 3215, 808, 3276, 808, 2407, 808, 808, 2407, 808, 808, 1328, 808, 808, 2407, 808, 808]"
442,"[813, 1632, 1711, 76, 1659, 813, 1711, 3265, 3266, 813, 1444, 2476, 813, 349, 813, 1168, 3266, 1711, 3531, 813, 1152, 3531, 813, 1445, 11, 151, 3035, 357, 813, 813, 1178, 1179, 4154, 1614, 813, 813, 1192, 813, 813, 1214, 1711, 3531, 3266, 813, 813, 3266, 256, 813, 813, 3531, 813, 813, 2676, 2968, 3531, 406, 2626, 3084, 1659, 256, 1659, 151, 406, 406]"
443,"[814, 816, 1138, 1578, 598, 1997, 814, 816, 816, 2353, 816, 1087, 814, 1138, 816, 814, 1138, 2353, 76, 3350, 814, 3532, 410, 321, 814, 816, 1138, 3871, 1138, 814, 3532, 816, 814, 814, 1087, 814, 814, 2612, 1087, 2283, 3532, 443, 2353, 3532, 814, 4238, 1138, 2467, 324, 2353, 814, 816, 3532, 814, 2353, 814, 3000, 814, 816, 1138, 2353, 2353, 814, 3532, 504, 3546, 814, 816, 2353, 2637, 814, 814, 310, 3562, 816, 814, 814, 816, 814, 814, 816, 1018, 498, 2353, 1138, 3532, 814, 2353, 814, 1138, 1578, 3532, 333, 1138, 4350, 3532, 151, 1528, 23, 321, 2353, 2876, 1138, 1201, 1307, 3437, 1201, 1543, 3532, 3443, 2933, 4893, 3532, 4893, 4314, 3972, 442, 194]"
444,"[818, 1147, 1651, 1773, 377, 1651, 1651, 818, 3029, 1651, 818, 818, 1651, 1651, 818, 818, 1773, 818, 1651, 1651, 818, 818, 1651, 1651, 818, 1651, 1651, 818, 818, 1651, 818, 1651, 818, 818, 4766, 4766, 1918, 4766, 4766, 3000, 4766, 4766, 1651, 4766, 61, 1651, 4766, 4766, 2326, 4766, 4766, 2834, 4766, 4893, 1651, 4766, 3670, 1651, 83, 151, 3730, 1651, 4766, 4766]"
445,"[820, 249, 1390, 1390, 1540, 1475, 2120, 820, 2120, 2429, 820, 2120, 820, 2120, 820, 2933, 820, 2120, 1197, 820, 3379, 820, 2120, 820, 2429, 820, 2120, 102, 820, 2120, 820, 2120, 820, 1390, 820, 820, 2429, 2120, 2120, 820, 2429, 3960, 2429, 2120, 820, 199, 2892, 1541, 820, 820, 2120, 2429, 820, 2120, 820, 2120, 2120, 820, 3857, 634, 2120, 2120, 820, 2429, 2801, 2120, 820, 2120, 2120, 820, 2429, 634, 1540, 188, 2120, 2120, 820, 2120, 820, 2429, 2120, 820, 102, 2120, 3960, 820, 820, 2429, 2209, 2120, 2120, 820, 820, 2429, 820, 2429, 820, 1435, 3271, 820, 820, 2429, 2437, 820, 4349, 3206, 3960, 2429, 1015, 999, 820, 2429, 820, 2695, 2429, 2437, 2801, 820, 2429, 2120, 820, 4349, 2429, 1390, 820, 820, 4155, 820, 1445, 1541, 4398, 5053, 1015, 31]"
446,"[823, 1004, 823, 1004, 1004, 1922, 823, 1004, 1754, 1004, 823, 1004, 1004, 706, 823, 1004, 823, 1004, 3656, 1004, 823, 1726, 1004, 1239, 1004, 706, 2213, 1004, 823, 1004, 823, 1004, 1754, 823, 2659, 823, 1004, 823, 1004, 102, 1004, 823, 1004, 823, 1004, 1004, 706, 2744, 823, 1004, 823, 823, 1004, 1004, 823, 1004, 2873, 823, 761, 102, 3283, 823, 1004, 706, 1004, 823, 1004, 823, 1004, 1004, 823, 1004, 1004, 823, 706, 706, 2452, 102, 1004, 3539, 1004, 3531]"
447,"[825, 667, 2769, 825, 435, 825, 825, 3702, 82, 2623, 2769, 825, 2769, 825, 3702, 825, 2769, 2769, 61, 61, 2623, 337, 825, 825, 2769, 1573, 3702, 825, 256, 2769, 825, 2769, 1832, 2769, 825, 825, 667, 3702, 2769, 825, 2769, 825, 825, 3702, 4805, 2769, 2769, 825, 825, 1603, 4667, 2769, 825, 2769, 825, 825, 2769, 1603, 825, 1603, 4971, 825, 825, 2769, 825, 3702, 667, 825, 3702, 3702, 4299, 1603, 1603, 667]"
448,"[61, 873, 2973, 873, 2973, 1559, 61, 873, 1030, 873, 1030, 873, 1030, 873, 873, 4276, 406, 873, 4160, 873, 4138, 4160, 873, 873, 4443, 61, 61, 873, 873, 104, 1937, 2973, 61, 61, 873, 873, 4527, 4138, 873, 2973, 873, 1930, 4160, 2973, 2990, 1504, 406, 873, 2746, 3670]"
449,"[738, 738, 1212, 2513, 738, 320, 3104, 1212, 738, 738, 1018, 1212, 2884, 2729, 3132, 1212, 738, 4379, 2521, 2232, 400, 3270, 3122, 3130, 4457, 370, 884, 1212, 1464, 738, 3769, 4379, 1659, 2653, 1820, 3132, 2762, 2815, 1212, 3790, 1688, 3790, 738, 3348, 2387, 292, 3080, 2985, 4264, 3348, 4379, 1959, 4379, 1659, 2334]"
450,"[840, 1014, 439, 840, 1637, 840, 840, 3502, 1014, 840, 1014, 840, 840, 321, 840, 442, 684, 3061, 226, 840, 226, 2326, 840, 840, 3502, 1526, 840, 840, 1014, 329, 840, 840, 329, 840, 321, 3502, 840, 4409, 325, 840, 840, 439, 840, 329, 840, 226, 840, 840, 439, 2917, 840, 536, 840, 840]"
451,"[841, 1057, 1313, 2684, 2648, 226, 3391, 1057, 841, 416, 179, 1057, 2684, 2684, 3726, 3391, 1057, 3391, 841, 2684, 2684, 3963, 3726, 4149, 4057, 3963, 3726, 2526, 2174, 3061, 2526, 3391, 1057, 841, 2684, 841, 1057, 3391, 1057, 841, 3963, 3726, 3935, 971, 2526, 841, 416, 3391, 1057, 841, 993, 3476, 3726, 3935, 3935, 2174, 3391, 1057, 3726, 3476, 3726, 3516, 1057, 3391, 1057, 841, 3391, 1057, 841, 3440, 3391, 841, 4710, 3391, 1057, 3963, 3726, 3391, 3726, 841, 3935, 3391, 4088, 3935, 1057, 841, 3440, 2512, 841]"
452,"[842, 842, 2510, 2521, 842, 842, 3358, 3396, 3396, 3319, 3534, 3358, 3817, 842, 3396, 3396, 3319, 247, 842, 3817, 3358, 4140, 1173, 842, 3817, 842, 3396, 3396, 842, 3817, 1075, 1927, 1289, 3986, 3986, 3817, 4140, 842, 3358, 1638, 3358, 78, 3817, 842, 842, 3817, 406, 3358, 3396, 3358, 3358, 3197, 3358, 842, 3358, 3377, 842, 3396, 1967, 842, 3817, 3358, 1173, 842, 1147, 3358, 357, 842, 2114, 3817]"
453,"[846, 1679, 2045, 846, 1679, 1679, 3156, 1679, 3585, 1679, 3156, 831, 1679, 3156, 2077, 2859, 1679, 3156, 3231, 1679, 3156, 3156, 1679, 3156, 2045, 3156, 3231, 2171, 3156, 3156, 846, 4365, 846, 1679, 1025, 3156, 3156, 2829, 3156, 846, 1679, 3156, 846, 846, 1679, 3156, 3372]"
454,"[149, 149, 267, 267, 149, 1571, 267, 149, 969, 149, 1571, 149, 969, 3114, 2238, 1873, 2238, 267, 149, 149, 1571, 149, 149, 2940, 20, 149, 1571, 149, 267, 3834, 2238, 227, 3194, 267, 149, 1571, 1415, 149, 227, 149, 349, 267, 149, 3424, 3066, 267, 267, 149, 1571, 1362, 149, 200, 1918, 267, 1904, 1576, 227, 1571, 149, 267, 149, 267, 149, 321, 149, 149, 1035, 20, 2238, 1415, 267, 149, 1134, 2038, 321, 2238, 3834, 321, 3074, 321, 267, 149, 267, 149, 1571, 4401, 3834, 321, 149, 227, 267, 321, 1571, 149, 3729, 1018, 267, 969, 2706, 321, 267, 149, 1571, 149, 149, 227, 149, 321, 267, 149, 1571, 3424, 149, 969, 267, 267, 149, 267, 149, 149, 267, 149, 969, 3424, 2238, 1903, 321, 267, 4700, 321, 267, 149, 352, 267, 149, 267, 149, 267, 1638, 267, 149, 1638, 267, 149, 149, 3751, 3519, 149, 1571]"
455,"[851, 1747, 851, 247, 851, 851, 1700, 36, 1631, 851, 2171, 851, 851, 1168, 991, 851, 851, 3698, 851, 851, 4120, 1740, 3058, 406, 851, 851, 2492, 3282, 851, 84, 1464, 851, 851, 61, 991, 851, 3517, 4587, 406, 4587, 991, 851, 4587, 851, 4587, 851, 851, 1707, 4587, 851, 4089, 4587, 851, 175, 4587, 36, 851, 2894, 3246, 406, 406, 4587, 851, 851, 406, 406, 4587, 851, 851, 4587, 134, 851, 4587, 4587, 851, 851, 3401, 851, 3517, 406, 2171, 4587, 851, 120, 851, 3401, 991, 851, 61, 4587, 3876, 3876, 991, 851, 851]"
456,"[852, 852, 2845, 852, 852, 1647, 852, 3300, 852, 852, 3754, 852, 3209, 852, 852, 295, 503, 852, 852, 647, 852, 2443, 852, 4288, 852, 295, 852, 2585, 852, 852, 3830, 61, 3699, 406, 852, 852, 2723, 3113, 406, 690, 1381, 1232, 3754, 852]"
457,"[798, 1147, 1486, 342, 1157, 798, 342, 798, 1133, 2324, 1464, 342, 1987, 3367, 798, 798, 342, 406, 61, 798, 798, 1987, 342, 1987, 798, 342, 3808, 798, 2513, 798, 1987, 342, 1987, 1918, 2347, 342, 798, 342, 798, 1475, 798, 342, 1157, 798, 342, 3986, 798, 342, 342, 798, 798, 2489, 1987, 798, 3240, 950, 798, 950, 798, 342, 798, 342, 2321, 1123, 1987, 798, 1987, 1173, 798, 342, 2703, 3986, 798, 798, 1632, 798, 342, 2968, 2217, 342, 798, 3862, 798, 798, 342, 1466, 342, 798, 342]"
458,"[854, 875, 1317, 897, 1864, 875, 875, 2481, 2700, 875, 2897, 875, 875, 854, 875, 339, 3535, 875, 2442, 875, 459, 3248, 3772, 324, 459, 875, 875, 3248, 875, 875, 4085, 61, 1631, 36, 875, 2917, 3274, 3419, 875, 3248, 3104, 1460, 875, 4404, 1219, 4494, 875, 2732, 875, 3511, 3511, 2577, 2932, 1998, 1391, 2440, 875, 875, 1170, 3511, 1511, 875, 61, 61, 875, 875, 3174, 875, 2481, 4950, 875, 875, 116, 1754, 2388, 875, 3367, 875, 2657, 3248, 875, 875, 889, 1157, 3511, 793, 4893, 2788, 4893, 2512, 875, 5048, 854, 875, 2480, 2657, 875, 3694, 2657, 378, 61]"
459,"[738, 849, 849, 1381, 3223, 102, 849, 849, 1797, 849, 849, 1018, 849, 849, 3041, 849, 4055, 1018, 2913, 849, 849, 1170, 849, 849, 61, 3519, 849, 849, 1389, 849, 2997, 61, 1271, 849, 3538, 849, 1389, 849, 849, 2183, 2572, 2844, 3776, 1638, 3568, 1746, 1389, 1389, 849, 849, 2430, 1389, 849, 849, 2926, 849, 849, 3084, 3041, 78, 849, 2899, 849, 849, 2698, 3284, 849, 849, 322, 849, 1577]"
460,"[858, 858, 2581, 2581, 858, 2581, 858, 2581, 858, 2581, 1308, 858, 2581, 858, 1513, 858, 858, 3941, 831, 858, 858, 2581, 858, 3941, 2581, 858, 858, 3938, 2581, 858, 2581, 858, 3941, 858, 2581, 858, 2581, 858, 858, 3941, 858, 858, 3941, 858, 858, 3941, 858, 858, 3941, 858, 858, 1237, 2581, 858, 858, 3941, 2581, 858, 858, 2581, 858, 858, 3941, 858, 3941, 858, 858, 3941, 858, 858, 3941, 858, 858, 3941, 858, 3941, 858, 858, 3941, 858, 858, 3941, 858, 3941, 4574, 2795, 858, 3941, 2581, 858, 3941, 858, 858, 3941, 858, 2581, 858, 858, 2581, 858, 2581, 3945, 2581, 2581, 3945]"
461,"[142, 879, 1544, 879, 879, 3121, 61, 1974, 2516, 1544, 879, 879, 1544, 175, 3446, 3446, 879, 1544, 2041, 879, 3446, 879, 879, 1075, 1544, 3446, 879, 1464, 879, 879, 3446, 1010, 3133, 879, 879, 3974, 879, 879, 1012, 4028, 20, 3200, 3262, 3063]"
462,"[865, 2065, 865, 2391, 2391, 1319, 2447, 1292, 1319, 61, 865, 2391, 865, 2447, 3043, 2391, 865, 2617, 865, 3794, 1319, 2391, 865, 865, 2391, 2595, 1319, 61, 4260, 2354, 2391, 865, 2391, 865, 2391, 865, 865, 11, 4260, 2391, 865, 2009, 2391, 865, 1319, 865, 2009, 865, 865, 1872, 2391, 1387, 865, 1319, 845, 2009, 1981, 3322, 865, 2009, 2391, 865, 2669, 2391, 865, 865, 2122, 865, 1319, 865, 4260, 865, 3678, 1705, 1319, 865, 4260, 865, 865, 3642, 4886, 1010, 4886, 865, 3322, 4893, 865, 4886, 865, 4886, 4886, 865, 3099, 865, 4886, 4886, 3099, 4886, 2009, 4886, 4886, 5079, 2299, 3099]"
463,"[866, 1369, 1438, 1369, 63, 866, 1369, 1438, 866, 1369, 1010, 866, 1369, 3010, 1369, 866, 1438, 171, 1369, 866, 1369, 63, 1369, 866, 3811, 3010, 3882, 171, 866, 1369, 1113, 1113, 866, 1369, 866, 1113, 3811, 1369, 866, 1559, 3010, 866, 1369, 866, 1369, 1369, 866, 3049, 1693, 1369, 866, 3049, 3049, 1369, 3049, 1369, 3049, 3049, 1369, 3049, 3049, 1369, 3049, 3049, 3255]"
464,"[69, 69, 1339, 177, 1339, 177, 69, 1339, 69, 3181, 1871, 1339, 1339, 69, 2953, 1339, 69, 1339, 69, 102, 2876, 1339, 1339, 2953, 69, 3145, 1339, 69, 1871, 69, 1339, 69, 1339, 69, 1339, 1871, 69, 1339, 3218, 69, 1339, 2953, 69, 1339, 69, 1339, 69, 1330, 69, 2819, 1339, 69, 311, 2876, 69, 1871, 1339, 1871, 1339, 69, 1632, 1213, 3120, 69, 1339, 2953, 69, 1339, 69, 2953, 1173, 3264, 1809, 69, 1339, 2953, 69, 1339, 1871, 69, 1871, 3190, 1573, 69, 1339, 2044, 1339, 69, 1339, 3601, 3667, 4085, 3181, 1339, 69, 2044, 2819, 4085, 4085, 324, 69, 4375, 1339, 69, 1809, 1034, 1339, 2839, 69, 1339, 1034, 1339, 69, 69, 1339, 69, 1339, 249, 429, 1339, 1391, 69, 1034, 1339, 2044, 5041, 69, 69, 1339, 69, 1339, 2722, 1339, 69, 3264, 69, 1871, 69, 1339, 2700, 102]"
465,"[874, 1108, 1108, 1751, 874, 2591, 1108, 1108, 1659, 1108, 1108, 2591, 1751, 1108, 874, 874, 1108, 1108, 1751, 151, 76, 1108, 1108, 874, 1108, 1751, 197, 874, 2591, 874, 1108, 1108, 874, 2591, 1108, 1751, 1112, 1108, 874, 1108, 874, 1108, 1108, 1751, 874, 874, 1108, 1108, 1751, 2591, 1108, 874, 874, 1751, 874, 1734, 2591, 2591, 1108, 1108, 2591, 1075, 2939, 3672, 2591, 1108, 1108, 2591, 1108, 2591, 18, 2591, 2591, 1108, 2591, 1108, 1108, 2591, 2591, 1108, 1659, 1108, 1751, 4893, 2591, 1108, 1108, 2591, 1108, 2591, 2591]"
466,"[876, 876, 983, 2681, 991, 3038, 876, 2196, 2196, 876, 2577, 739, 876, 983, 2681, 991, 2196, 876, 983, 876, 238, 2681, 876, 983, 876, 983, 2681, 2153, 876, 2196, 876, 983, 4134, 983, 2196, 2681, 991, 876, 2196, 2681, 876, 983, 876, 876, 1018, 876, 83, 876, 983, 1202, 876, 3189, 876, 983, 876, 1202, 876, 4028, 983, 876, 2681, 983, 983]"
467,"[878, 1345, 878, 1375, 2034, 878, 1375, 2379, 1375, 2379, 2379, 321, 321, 1375, 878, 1375, 2379, 2293, 1345, 2379, 1375, 36, 2379, 3628, 2293, 2379, 2293, 1489, 1375, 1375, 1489, 2379, 1375, 2379, 179, 1345, 1375, 1375, 1489, 1375, 1375, 2034, 1345, 2379, 2293, 2293, 2379, 475, 1375, 1375, 1345, 3451, 1375, 1345, 2379, 2458, 1375, 2379, 3585, 1489, 2034, 2379, 1345, 2379, 1375, 2379, 2293, 2379, 1375, 2034, 1375, 2379, 2642, 2379, 2379, 878, 2379, 179, 878, 1375, 1489, 179, 452, 2034, 2379, 1489, 2034, 475, 2034, 1375, 2379, 2034, 2293, 1375, 475, 878, 1375, 2034, 2034, 3256, 2379, 2034, 2379, 2379, 227, 321, 2034, 2379, 2034, 1375, 2379, 2293, 350, 1489, 1375, 2379, 416, 2034, 1375, 2034, 878, 1375, 2034, 1375, 2379, 878, 1375, 3628, 1375, 1375, 2379, 2293, 1375, 2379, 2034, 2379, 350, 2034, 2379, 2034, 1375, 1375, 321, 1375]"
468,"[883, 1918, 1872, 2501, 682, 2806, 2890, 2270, 3306, 2270, 1872, 3451, 2270, 2105, 3136, 3136, 883, 427, 883, 2270, 3082, 1025, 3306, 3136, 2105, 883, 2972, 2861, 3136, 2105, 2105, 357, 1688, 2539, 3289, 4634, 1544, 1544, 3136, 2270, 2270, 61, 1025, 2105, 2927, 3306, 887, 1739, 2041, 2105, 3136, 2270, 1872, 612, 3306, 3136, 3136, 2105, 3306, 3136, 1872, 4193, 4258, 0, 4258, 1873, 612, 4258, 4258, 3020, 1544, 1937, 2437, 3136, 3136, 4258, 324]"
469,"[886, 1565, 1565, 2325, 886, 2931, 2325, 2325, 886, 2325, 1027, 2325, 886, 2325, 1027, 1173, 2325, 1027, 273, 886, 3081, 2325, 2325, 886, 4622, 2325, 4625, 2325, 3787, 4625, 1545, 2357, 273, 3690, 2325, 2325, 406, 2325, 2931, 2325, 2417, 4625, 2325, 2325, 3081, 2325, 1272, 1389, 2341, 2341, 2325, 2325, 886, 2325, 2807, 1]"
470,"[888, 1373, 2190, 888, 1598, 3429, 3450, 3450, 3733, 3914, 3450, 3967, 3450, 510, 3450, 1591, 3429, 3450, 1925, 4013, 3450, 3450, 3609, 3450, 1373, 3450, 1373, 328, 1373, 1217]"
471,"[57, 896, 1327, 896, 226, 1614, 2039, 1327, 896, 896, 1327, 896, 2458, 1327, 896, 26, 1327, 896, 2858, 896, 18, 442, 1327, 896, 896, 2039, 1327, 896, 1327, 896, 1327, 896, 896, 1560, 1327, 1397, 1327, 1327, 474, 896, 4168, 896, 1397, 1327, 1327, 896, 226, 1327, 896, 1327, 896, 2458, 1327, 896, 2890, 1327, 896, 139, 1075, 1952, 1966, 1327, 1203, 896, 896, 1327, 896, 896, 1327, 896, 896, 1327, 896, 249, 558, 391, 1327, 896, 1203, 896, 2628, 896, 2890, 2890, 3673, 1327, 896, 896, 1327, 1362, 1327, 139, 139, 3870, 1327, 1327, 896, 2564, 458, 1327, 4700, 1397, 1872, 896, 2820, 2820, 3986, 61, 1744, 139, 896, 1327, 896, 82, 1950]"
472,"[893, 922, 943, 946, 893, 893, 922, 597, 946, 2112, 943, 2134, 2134, 893, 893, 922, 597, 2112, 943, 946, 2803, 893, 893, 922, 597, 597, 943, 2112, 2803, 2134, 893, 893, 922, 2803, 2803, 893, 893, 2134, 893, 922, 597, 943, 2112, 946, 2134, 2803, 2134, 922, 597, 2112, 946, 943, 2134, 2803, 2134, 893, 2134, 2803, 893, 893, 943, 2112, 946, 2134, 893, 2134, 893, 2134, 893, 893, 2134, 2134, 893, 893, 2803, 893, 2134, 2803, 893, 922, 597, 2112, 943, 946, 893, 893, 2803, 893, 2112, 946, 2134, 2134, 893, 893, 2134, 2803, 893, 893, 2803, 2134, 893, 597, 943, 946, 2112, 2134, 2803, 2134, 2803, 2134, 2961, 2134, 893, 893, 2803, 2134, 893, 597, 2112, 2134, 893, 2112, 946, 2134, 2803, 893, 597, 597, 3334, 4037, 4037]"
473,"[897, 2021, 2439, 2857, 3651, 330, 3657, 3879, 3657, 1313, 3651, 3651, 2439, 3651, 2004, 2004, 1170, 2751, 3651, 330, 2857, 2857, 3651, 3651, 4633, 3651, 3651, 2931, 2857, 3651, 3651, 4633, 4633, 3651, 3651]"
474,"[898, 898, 1600, 898, 898, 3239, 763, 2489, 898, 3641, 898, 3141, 322, 3641, 3641, 4163, 406, 898, 245, 3772, 898, 3641, 898, 1173, 3686, 3641, 3939, 2606, 3641, 2489, 898, 898, 1716, 898, 898, 1487, 898, 898, 1507, 4598, 4542, 2541, 392, 1507, 3686, 3141, 1507, 1951, 2028, 61, 1507, 1507, 4123, 176, 4314, 176, 1600]"
475,"[899, 1077, 1346, 20, 3141, 3000, 2806, 1880, 3717, 1202, 1202, 250, 250, 845, 986, 4278, 1202, 250, 175, 1075, 3141, 1659, 3291, 3591, 250, 1880, 1504, 3305, 3305, 1346, 3305, 250, 2968, 250, 250, 406, 406, 3329, 2105, 250, 1611, 899, 983, 2577]"
476,"[901, 1197, 901, 2544, 2884, 2544, 901, 1576, 3257, 360, 2884, 2544, 1707, 2544, 3660, 2544, 2884, 2884, 328, 3660, 901, 328, 3660, 2867, 2884, 3082, 3185, 1851, 82, 1873, 2544, 2626, 1638, 2544, 3520, 3185, 4402, 3524, 2544, 901, 1859, 2525, 2884, 1859, 2897, 2884, 3185, 1638, 3185, 1638, 3185, 2544, 2544, 1576, 3098, 2884, 2544, 3271, 3078, 2544, 2884, 3098, 2884, 3534, 901, 2294, 2544, 2884, 2544, 3098, 2884, 2544, 1638, 3477, 2544, 2884, 2544]"
477,"[903, 1032, 2191, 903, 1032, 903, 2829, 2829, 43, 43, 1032, 1947, 2000, 43, 43, 1032, 2953, 2168, 1032, 2308, 43, 903, 469, 903, 1032, 2308, 2168, 903, 903, 2191, 2602, 1556, 2308, 469, 2308, 903, 3348, 1032, 2308]"
478,"[905, 82, 2341, 324, 1902, 2384, 2384, 2585, 2384, 1555, 2996, 490, 3088, 337, 1381, 2384, 2196, 26, 2384, 490, 2384, 490, 151, 1533, 2833, 2384, 1902, 905, 2384, 2384, 905, 151, 3094, 102, 443, 249, 277, 406, 82, 905, 2384, 2996, 2384, 3361, 2384, 905, 1925, 2491, 337, 3715, 490, 1902, 490, 2384, 2302, 1902, 406, 1902, 2613, 905, 2384, 2384, 1902, 3216, 2384, 2384, 905, 1646, 2477, 1670, 905]"
479,"[854, 854, 1585, 854, 2986, 1018, 2241, 3402, 1389, 854, 2986, 854, 2214, 854, 3402, 54, 1585, 2986, 854, 3086, 693, 854, 1237, 854, 3401, 3402, 1237, 3402, 324, 1389, 854, 2214, 3401, 854, 1585, 1237, 854, 3402, 2986, 1237, 854, 854, 3401, 854, 2986, 1237, 2986, 3401, 3550, 2986, 854, 28, 3402, 2986, 854, 2986, 2986, 1237, 854, 2986, 854, 854, 4771, 854, 3402, 3086, 854, 2986, 28, 2176, 2986, 4771, 3401, 2214, 2986, 854, 2986, 4771, 854, 854, 1018, 854, 2214, 4141, 257, 3199, 3199, 2986, 854, 2986, 854, 854, 2986, 854, 4771, 854, 2196]"
480,"[914, 489, 1638, 2266, 2846, 1132, 1494, 3016, 1875, 1866, 3082, 3092, 3019, 489, 914, 1866, 3092, 914, 3729, 914, 914, 1940, 1866, 914, 435, 1873, 3412, 489, 2900, 435, 684, 2252, 3412, 1132, 914, 2853, 3104, 2020, 4102, 914, 3274, 2187, 3693, 914, 489, 3782, 2749, 489, 2091, 914, 3782, 914, 914, 3729, 2020, 914, 3092, 1132, 914, 69, 3729, 914, 914, 2020, 914, 2467, 914, 370, 2516, 914, 2020, 2026, 489, 2335, 370, 2020, 489, 4660, 3024, 2020, 2020, 3065, 2302, 1707, 2706]"
481,"[915, 915, 3065, 915, 915, 2627, 1758, 915, 3989, 915, 2615, 3353, 4037, 2661, 4037, 2661, 2627, 915, 2902, 3999, 35, 834, 915, 4037, 2661, 915, 3913, 4037, 2661, 3989, 2661, 915, 834, 915, 3989, 915, 3989, 2661, 3989, 834, 915, 2637, 915, 3989, 2661, 915, 3989, 2661, 2627, 915, 2661, 2627, 834, 915, 1724, 2661, 2627, 915, 4037, 2661, 915, 2627, 915, 3353, 4037, 915, 4037, 2627, 915, 3989, 2661, 915, 3989, 2661, 915, 834, 915, 915, 834, 2902, 915, 3989, 2627, 915, 2661, 915, 2627, 915, 915, 2489, 915, 2627, 2661, 915, 4037, 915, 2661, 4037, 915, 4037, 2661, 915, 915, 35, 4037, 2661, 3989, 915, 3328, 4037, 3989, 2661, 2661, 4037, 3989, 2661, 2876]"
482,"[517, 517, 2007, 131, 441, 517, 517, 3681, 2317, 1565, 517, 503, 1545, 229, 2845, 517, 1816, 3939, 1545, 4306, 517, 517, 2026, 517, 1713, 517, 517, 2845, 517, 517, 3276, 2845, 517, 102, 2437, 2596, 517, 3887, 2828, 4663, 4663, 517, 2050, 517, 2437, 2596, 517, 3972, 517, 2765, 4663, 4801, 1545, 1381, 102, 499, 427, 4663, 1545, 517, 4306, 4663, 517, 2596, 2047, 4663, 517, 2975, 4663, 517, 4663, 517, 4663, 4663, 1969, 517, 2477, 1191, 4663, 1577, 2437, 324, 394, 4663, 4663, 517, 2596, 1219, 4663, 3568, 3939, 517, 2923, 4663, 4663, 517, 714, 4663, 5053, 4663, 3223, 4663, 517, 3242, 4663, 517]"
483,"[917, 2312, 917, 2877, 917, 3046, 3046, 88, 3046, 2877, 2437, 3046, 2595, 917, 2877, 917, 3046, 2312, 917, 2312, 2877, 2564, 2877, 2312, 2877, 2877, 4318, 2877, 2312, 2877, 2312, 2877, 2877, 2312, 2877, 917, 1541, 2312, 2312, 917, 1990, 2312, 2877, 2312, 2312, 917, 2312, 2877, 2676, 917, 2312, 917, 2877, 2877, 917, 1799, 2312, 2973, 917, 1179, 917, 2877, 2877, 2312, 2312, 917, 2877, 1632, 1925, 2312, 614, 2312, 917]"
484,"[927, 1041, 927, 927, 443, 2512, 927, 1041, 927, 2009, 927, 3339, 927, 443, 2493, 927, 927, 3676, 2512, 927, 927, 3359, 1462, 3871, 927, 927, 2512, 2512, 927, 352, 1462, 504, 3430, 665, 598, 4313, 842, 2552, 3430, 3430, 842, 3369, 3430, 78, 2512, 665, 3430, 3277, 3227, 3430, 3430, 2618, 3430, 221, 2463]"
485,"[930, 930, 1893, 930, 4076, 4148, 930, 930, 4076, 61, 1893, 4076, 2047, 1730, 4005, 1893, 1252, 3551, 1893, 1213, 1893, 1893, 3593, 4409, 4076, 1893, 4076, 4076, 3593, 4076, 4076]"
486,"[933, 1560, 226, 2500, 2284, 933, 538, 933, 933, 2314, 504, 2314, 3108, 3027, 933, 933, 1381, 3823, 2997, 1935, 61, 933, 933, 2712, 933, 933, 3027, 933, 933, 3823, 933, 933, 1560, 933, 933, 3823, 1613, 102, 2286, 3959, 3044, 868, 498, 3823, 933, 933, 102, 498, 3959, 868, 498, 102, 3823, 102, 933, 933, 868, 498, 3823, 933, 933, 3823, 933, 3823, 498, 102, 933, 285, 3823, 933, 2801, 102, 933, 933, 498, 102, 933, 933, 2801, 498, 933, 933, 3027, 3854, 3823, 3027, 933, 933, 498, 933, 3854, 3854, 933, 1010, 933, 102, 933, 1493, 3823, 2972, 3027, 933, 3823, 3027, 933, 933]"
487,"[934, 934, 1657, 1657, 934, 2221, 2398, 2221, 934, 2221, 934, 2398, 2398, 934, 934, 3584, 934, 934, 3278, 1657, 1657, 934, 2398, 3278, 934, 1657, 2996, 934, 934, 3584, 934, 1657, 934, 3826, 1657, 2398, 3584, 2221, 1657, 934, 1591, 1657, 934, 2398, 2221, 2398, 1657, 1657, 934, 1657, 1657, 2221, 2221, 934, 1657, 2221, 2398, 934, 1657, 3554, 1657, 176, 1657, 934, 2717, 2398, 2221, 934, 2221, 4893, 934, 3589, 2398, 1655, 1919, 3589, 3278, 2717, 2221, 2398, 1657, 3589, 3584, 1950, 934, 934, 1657, 1657, 2398]"
488,"[941, 941, 1891, 941, 941, 1891, 941, 941, 3063, 941, 941, 1289, 1289, 941, 941, 4283, 1891, 941, 941, 1891, 941, 941, 3095, 1891, 941, 249, 941, 941, 3299, 324, 941, 941, 61, 941, 406, 406, 941, 941, 1737, 1891, 941, 941, 1891, 941, 941, 422, 941, 941, 4010, 941, 4010, 941, 941, 1910, 941, 1901]"
489,"[151, 991, 1103, 151, 2971, 1269, 142, 887, 4008, 3446, 4621, 889, 4621, 1991, 4621, 3270, 4621, 4621, 324, 2305, 4621, 4621, 1662, 129, 169, 151, 3774, 3446, 175, 2293, 2462, 4621, 4621, 138, 4621, 4621, 1041, 249, 4621, 4621, 1589, 324, 1451, 3722, 2829, 3446, 324, 4621, 324, 3026, 4621, 4621, 1807, 4621, 3887, 324, 102, 1475, 991, 324, 18, 3079, 889, 4621, 889, 773, 2862, 3295, 889, 883, 4621, 2595, 2217]"
490,"[948, 1075, 406, 948, 948, 2290, 948, 948, 406, 948, 474, 1803, 948, 948, 1880, 948, 3213, 948, 3550, 1880, 948, 1035, 948, 948, 23, 1907, 4441, 4426, 1880, 948, 948, 61, 61, 948, 948, 2087, 948, 1022, 363, 2087, 2926, 4426, 1614, 2087, 3664, 2087, 759]"
491,"[950, 1520, 1112, 950, 1866, 1873, 1758, 2016, 950, 2359, 2373, 2359, 950, 950, 1824, 2676, 950, 3246, 1761, 950, 950, 1191, 3745, 950, 2321, 950, 950, 2919, 950, 2564, 3040, 2552, 1203, 950, 4588, 950, 4319, 950, 950, 559, 3283, 3601, 2321, 950, 4588, 950, 2321, 950, 1758, 328, 2321, 950, 950, 4588, 1707, 950, 2016, 1713, 3771, 2756, 1707, 4588, 2321, 2321, 3012, 3601, 1195, 2676]"
492,"[442, 1211, 2838, 3349, 2187, 2838, 2259, 36, 3349, 3514, 2169, 326, 1799, 2467, 3349, 4373, 1771, 2838, 4402, 1509, 1638, 1435, 3257, 2838, 4373, 4789, 1638, 3349, 4789, 4373, 4373, 4789, 2838, 4789, 2044, 3349, 4789, 1707, 3074, 4789, 4373, 2838, 4789, 4789, 3746, 1638, 3349, 4373, 4789, 1659, 1659, 3349, 4373, 4789, 4789, 4373, 899, 4789, 3349, 4789, 4789, 3349, 3546, 4789, 4789, 1576, 3098, 3349, 4373, 4789, 4894, 3349]"
493,"[955, 1487, 1551, 1878, 955, 2862, 175, 141, 1018, 1878, 955, 1289, 3396, 3401, 3396, 1039, 474, 955, 3396, 955, 3396, 3401, 1737, 955, 3401, 28, 427, 3396, 3396, 28, 3396, 28, 3396, 3396, 955, 3396, 28, 3396, 3396, 955, 3396, 2043, 3938, 3396, 3396, 1289, 955, 28, 3396, 3285, 1487, 3401, 28, 3396, 1878, 28, 61, 4967, 4967, 28, 28, 4967, 4793, 4793, 4967, 820, 4967, 4283, 4967, 3517, 4967, 4967, 3696, 955, 4967]"
494,"[956, 1119, 2468, 2595, 1202, 2705, 1068, 2705, 2595, 2595, 956, 2705, 956, 956, 3942, 1202, 3942, 2705, 3942, 956, 2705, 2894, 956, 4099, 3942, 61, 443, 1682, 3492, 2705, 2705, 799, 2859, 2705, 23, 26, 2167, 2705, 3942, 4793, 4793, 2167, 23, 1202, 3942, 2167, 4793, 4793, 2167, 23, 4793, 4793, 3492, 4793, 18, 2167, 4793, 4793, 26, 378, 4793, 4793, 956, 3942, 3208, 3942, 956, 4893, 5048, 956, 956, 883, 956, 956]"
495,"[961, 961, 175, 961, 961, 1729, 3069, 3379, 961, 961, 1018, 3826, 3871, 961, 961, 1805, 961, 1170, 961, 961, 176, 961, 961, 4589, 3826, 961, 961, 2373, 961, 961, 176, 961, 961, 3742, 961, 2536, 175, 2709, 961, 711, 961, 961, 4801, 1805, 961, 961, 3197, 3069, 1075, 961, 176, 961, 3742, 961, 961, 2536, 3696, 961, 2524, 961, 3742, 961, 1167, 961, 4893, 961, 961]"
496,"[312, 2005, 3172, 2357, 1842, 213, 169, 3172, 1, 807, 763, 2466, 1522, 3172, 1397, 3982, 1842, 1931, 3172, 2466, 1566, 597, 3172, 36, 1493, 1842, 2679, 1533, 2668, 791, 597, 170, 1522, 3172, 3505, 2427, 1103, 102, 3172, 4772, 2653, 3172, 1842, 249, 2006, 3172, 102, 4115, 1612, 213, 4772, 4538, 2984, 2653, 3172, 3172, 537, 1843, 36, 4098, 1, 36]"
497,"[831, 288, 93, 1659, 93, 93, 4260, 93, 2869, 93, 357, 4260, 344, 2076, 2076, 446, 2076, 2869, 2076, 2076, 344, 2076, 406, 517, 3210, 93, 93, 2545, 93, 288, 4260, 93, 93, 3832, 288, 93, 93, 1777, 93, 93, 4896, 1907, 93, 93, 2288, 344, 406]"
498,"[968, 250, 1224, 1010, 968, 250, 1346, 250, 250, 968, 250, 968, 968, 1346, 250, 968, 1391, 1753, 61, 36, 406, 1010, 3185, 250, 78, 250, 968, 3217, 1571, 337, 968, 250, 3367, 324, 968, 4222, 1571, 1571, 1753, 3094, 2834, 2968, 4120, 1704, 3123]"
499,"[336, 336, 1824, 1839, 2224, 1824, 1839, 2743, 336, 2224, 1839, 1824, 2024, 3150, 1839, 3882, 336, 2224, 3027, 102, 1018, 4193, 2743, 3306, 1839, 1839, 1791, 1839, 336, 2224, 1464, 1839, 4146, 1839, 336, 1839, 2743, 2743, 3977, 1464, 2875, 2224, 1839, 1839, 2275, 1839, 2743, 2224, 4700, 4700, 336, 3348, 2935, 2743, 1839, 2834, 1900, 1475, 4801, 2743, 1925, 3013, 2935, 2743, 378, 2743, 2224, 2743, 2875, 1839, 831, 336, 2743, 5053, 2743, 2935, 2743, 336, 3578]"
500,"[975, 978, 1530, 1563, 76, 1612, 1202, 1161, 1920, 1964, 975, 85, 2471, 2492, 1638, 2237, 1920, 151, 1202, 975, 978, 978, 2471, 1824, 2944, 2471, 1638, 245, 975, 978, 2471, 1381, 2471, 978, 2471, 61, 3658, 61, 1202, 975, 978, 3886, 2218, 1920, 249, 1707, 2218, 1920, 1614, 245, 1466, 1202, 978, 1964, 151, 1659, 975, 978, 975, 978, 61, 3986]"
501,"[979, 1182, 1368, 1692, 1182, 979, 1368, 979, 1692, 979, 1293, 979, 3503, 1692, 1182, 1018, 1692, 4066, 4074, 1692, 1368, 1368, 2723, 1692, 1692, 3503, 2723, 3694, 4066, 1018, 1692, 1692, 1182, 1692, 2723, 1576, 1576, 1692, 897, 2820, 61, 4510, 1692, 1161, 2688, 1692, 1692, 1368, 1692, 4074, 979, 1368, 4074, 4066, 1747, 3764, 979, 1506, 1368, 1692, 4066, 1692, 3056, 2674, 1543, 979, 4066, 4543, 3754, 1704, 979, 1692, 1692, 979, 1692, 1368, 1368, 1182, 3503, 1031, 1692, 1368, 1692, 4066, 1692, 1182, 1692, 1692, 2723, 1692, 4066, 1692, 1692, 428, 3975, 3503, 3503, 1646, 4855, 1692, 3503, 518, 1692, 1692, 3503, 3503, 1576, 1743, 1692, 1692, 2531, 2566, 2820, 4510, 36, 2566, 2820, 4510, 36, 4074, 4066, 1182, 324, 1692, 979, 36, 36, 1182, 1692, 36, 1692, 2820, 2784, 4066, 1182, 4074, 4074, 36, 1692, 36, 4074, 4066, 1692, 36]"
502,"[980, 78, 78, 2102, 2101, 325, 2142, 980, 2267, 2142, 2787, 980, 2142, 325, 980, 2142, 325, 980, 2142, 2069, 2101, 3555, 325, 980, 325, 2142, 325, 980, 2142, 980, 2142, 2101, 2102, 980, 2142, 325, 4082, 670, 2101, 325, 2142, 2102, 325, 2142, 2102, 2101, 82, 2142, 82, 1950, 2101, 2102, 2102, 980, 2142, 2102, 1205, 980, 2142, 980, 2142, 2102, 980, 2142, 2102, 2142, 2142, 1585, 2101, 2102, 4440, 2101, 2102, 2101, 2102, 2142, 2102, 2101, 980, 2142, 2102, 2102, 2101, 980, 2142, 2142, 980, 325, 2142, 333]"
503,"[983, 983, 991, 2072, 1767, 991, 1981, 983, 499, 2577, 1428, 3842, 1428, 999, 1428, 1428, 2865, 1075, 2617, 1659, 1475, 4261, 1576, 406, 406, 1903, 1988, 3177, 443, 991, 4028, 4598, 1180, 4137, 406, 656, 1428, 3340]"
504,"[993, 2980, 993, 993, 3949, 1971, 720, 179, 993, 993, 2191, 993, 4223, 1971, 993, 2191, 993, 1465, 993, 177, 2191, 1971, 4087, 179, 1971, 2191, 1077, 993, 1545, 179, 3681, 1614, 1931, 4893, 179]"
505,"[442, 1497, 1514, 2128, 451, 2128, 451, 2687, 2128, 2861, 102, 2983, 2687, 2128, 3379, 3379, 482, 2128, 2687, 1497, 2687, 2687, 2128, 2983, 2128, 3700, 3700, 3882, 2128, 3916, 3882, 1353, 102, 451, 2128, 2687, 2128, 1381, 352, 1497, 451, 4059, 2128, 2687, 151, 84, 3527, 2687, 2128, 2182, 399, 1497, 2128, 3916, 2128, 1337, 4238, 4238, 4276, 2128, 4331, 2128, 2182, 1497, 451, 2128, 1337, 451, 1497, 4442, 4436, 2128, 1337, 2623, 2128, 1337, 3882, 2128, 1337, 2128, 1337, 4059, 3916, 1497, 2128, 3916, 2128, 3882, 3882, 4541, 3882, 3916, 2128, 1497, 451, 3882, 1337, 4541, 4059, 3916, 1497, 1462, 2742, 4589, 1682, 1497, 2801, 4059, 3916, 1682, 451, 3882, 2128, 1337, 1563, 2489, 1497, 1497, 451, 1497, 451, 1337, 4059, 1337, 3916, 4331, 3916, 4331, 1497, 2182, 1170, 2182, 2128, 1337, 4331, 2128, 3436, 3436, 2128, 1337, 4059, 4331, 2128, 1337, 4801, 1497, 451, 3436, 3436, 1337, 2128, 4331, 1497, 2128, 1497, 3436, 1337, 2128, 4331, 1497, 451, 1020, 1512, 1020, 1337, 3916, 1337, 3916, 2128, 2128, 3436, 4331, 2128, 1337, 2128, 1337, 3916, 2128, 1497, 406]"
506,"[997, 1075, 1342, 1344, 924, 924, 1344, 229, 2518, 2518, 924, 924, 1344, 2518, 2518, 997, 997, 2518, 2518, 997, 2518, 924, 3700, 924, 924, 1344, 924, 924, 1344, 2518, 997, 2518, 2518, 924, 1344, 924, 1344, 997, 2518, 997, 2518, 1344, 924, 322, 924, 1344, 4288, 2518, 997, 997, 2518, 4076, 2518, 997, 2518, 2518, 1344, 924, 4288, 924, 1901, 1344, 3142, 3764, 924, 1344, 924, 1344, 1344, 924, 1344, 1614, 1344, 1344, 924, 4288, 1344, 924, 924, 1344, 1344, 924, 1344, 1344, 924, 924, 1344, 924, 1344, 1344, 1707, 924, 1344, 2518, 924, 1344, 4288, 997, 2518, 1344, 4288, 997, 924, 4660, 924, 997, 2518, 1344, 4288, 1344, 1344, 2518, 997, 1344, 924, 2518]"
507,"[149, 867, 1030, 149, 2115, 149, 2523, 969, 2570, 1761, 2698, 149, 36, 149, 149, 3066, 1739, 4166, 1816, 149, 2525, 149, 1134, 2494, 149, 36, 2453, 149, 149, 2494, 363, 4321, 149, 149, 4321, 324, 2115, 149, 2047, 2940, 4321, 149, 328, 149, 149, 2541, 2541, 149, 149, 2523, 3194, 149, 2437, 149, 149, 2290, 197, 149, 149, 3812, 1134, 2541, 179, 4222, 2311, 4321, 2115, 149, 2115, 149, 149, 2541, 4321, 3194, 3194, 149, 2699, 2007, 2523, 3224, 149, 2115, 2523, 3080, 2523, 2523, 2115, 2523, 149, 2523]"
508,"[1005, 1269, 1202, 1005, 1380, 1005, 2109, 1005, 1269, 1005, 1005, 793, 3244, 2357, 2299, 1018, 1005, 1269, 1005, 1005, 1380, 61, 207, 1005, 1005, 229, 1005, 1005, 3507, 1380, 1380, 1005, 1380, 1005, 3945, 3244, 1005, 1005, 3945, 61, 61, 1005, 229, 1005, 1005, 4123, 1990, 1005, 1005, 1380, 1269, 1380, 1005, 488, 2299, 1380, 1269, 1005, 1269, 2869, 1005, 383, 1005, 1005]"
509,"[312, 1381, 1456, 1466, 2982, 1713, 2876, 771, 1381, 1381, 3491, 2982, 1381, 1381, 3970, 3491, 26, 2982, 328, 328, 4278, 4276, 771, 1155, 1381, 1381, 3210, 312, 3491, 2876, 151, 3246, 3246, 1381, 1381, 312, 3491, 312, 249, 510, 1075, 4589, 3210, 254, 3204, 312, 1733, 1381, 1381, 1925, 1649, 2982, 2964, 2982, 3377, 23, 254, 1232, 2982, 2481, 1175, 1775, 2982, 1381, 2982, 2964, 1381, 254]"
510,"[1010, 1010, 1443, 2563, 1443, 2574, 2599, 2823, 1010, 3908, 3882, 3908, 2599, 4157, 2417, 1010, 1010, 2823, 1010, 4315, 4334, 1010, 1010, 4012, 4334, 1443, 3658, 4315, 4315, 3908, 1956, 2599, 1443, 4334, 3908, 3908, 1010, 4334, 1874, 4315, 2163, 1087, 3908, 3908, 2574, 1443, 4334, 4334, 4583, 4315, 4596, 1010, 4596, 4589, 4315, 4596, 1443, 3908, 2599, 4334, 3827, 1475, 3908, 4334, 4596, 2575, 1443, 4334, 4596, 1443, 3882, 1010, 4596, 4596, 4334, 1010, 38, 2574, 2599, 2599, 4334, 1443, 2599, 4596, 4334, 1010, 709, 4315, 1010, 1010, 1443, 4596, 1443, 1010, 1443, 1087, 1018, 406, 1443, 4315, 4596, 2163, 1170, 3838, 78, 1313, 4016, 4334, 1010, 4583, 4226, 3076, 3837, 4596, 2999, 2749, 78, 4893, 1443, 1443, 2834]"
511,"[1019, 324, 2099, 2100, 2099, 2100, 2099, 2100, 324, 2100, 2099, 324, 2100, 2099, 1019, 2100, 2099, 2100, 2099, 2100, 1019, 2100, 1019, 2100, 1019, 2100, 1019, 428, 1019, 324, 2099, 2100, 1019, 2099, 2100, 1019, 324, 2099, 2100, 2099, 2100, 3662, 2100, 428, 2100, 2100, 324, 2100, 1327, 324, 4848, 1966, 2100, 2100, 3662, 3662, 3653, 1203, 1618]"
512,"[1021, 406, 406, 23, 2060, 2127, 3035, 3808, 76, 2519, 3646, 889, 2495, 1731, 2060, 26, 3437, 1075, 1022, 2049, 4183, 1749, 2060, 61, 1021, 3159, 1021, 1484, 4148, 1179, 4261, 3294, 175, 4561, 883, 1361, 406, 406, 883, 2702, 1925, 3835, 4562, 3531, 3447, 4489, 1450, 2451, 1021, 2387, 2833, 4060, 3304, 3304, 1537, 2833, 1762, 2451, 2288, 2483, 3304, 82, 2765, 3905, 1512]"
513,"[1023, 1472, 1483, 1472, 1483, 1483, 1472, 1483, 1472, 1483, 1483, 1023, 1483, 1483, 1023, 1483, 3488, 1483, 1472, 1483, 1483, 1472, 1483, 1472, 1472, 1483, 1472, 3488, 1472, 1483, 1483, 1023, 1483, 1483, 1023, 1483, 1483, 1472, 3459, 1472, 1472, 1483, 1483, 1472, 1483, 3285, 1483, 1483, 1472, 1472, 3459, 1483, 1483, 1023, 3488, 1023, 1472, 1483, 1472, 1472, 1483, 1483, 1472, 1023, 1483, 1483, 1472, 1483, 1483, 3488, 1483, 3488, 1483, 1483, 1472, 1472, 1483, 1483, 1472, 1483, 1483, 1023, 1483, 78, 1483, 1483, 1878, 1483, 1023, 3488, 1483, 1023, 1483, 1483, 3459, 1483, 1483, 3488, 1023, 1483, 1483, 1023, 1483, 1483, 1023, 1483, 1483, 1023, 1483, 1483, 3488, 1483, 1483]"
514,"[1026, 1253, 1251, 1259, 1258, 1787, 1788, 1842, 1843, 1844, 1845, 1251, 1258, 1259, 1026, 1253, 1787, 1788, 598, 213, 1842, 1843, 1844, 1251, 1258, 1259, 1026, 2555, 1845, 1842, 1251, 1258, 1253, 1845, 1844, 213, 1787, 1788, 2763, 1842, 1774, 1844, 1845, 1251, 1259, 1258, 1026, 1253, 2555, 213, 3049, 598, 1787, 3261, 598, 213, 598, 213, 1843, 1842, 1844, 1259, 1258, 1251, 1842, 1843, 1774, 2555, 1845, 1251, 1258, 1259, 1787, 1788, 598, 213, 1842, 1843, 2555, 1774, 1845, 1259, 1258, 1251, 1026, 1253, 1844, 1842, 3261, 1259, 1258, 1787, 1788, 2555, 1845, 1251, 1788, 1787, 2763, 598, 213, 1842, 1843, 1774, 2555, 1845, 1251, 1258, 1259, 1026, 1026, 1253, 1845, 1844, 1788, 2763, 1842, 1843, 1774, 1845, 1844, 1258, 1251, 1259, 1026, 1259, 2555, 1259, 1258, 1251, 1253, 1844, 1845, 1844, 1787, 1788, 598, 213, 2555, 1774, 1258, 1251, 1259, 1251, 1258, 1259, 3172, 1026, 1842, 1843, 2555, 1774, 1845, 1251, 1258, 1259, 1253, 1659, 1659, 1253, 1845, 2555, 1842, 3049, 1774, 2555, 1251, 1258, 1259, 1253, 1026, 2555, 1026, 1251, 1258, 1259, 1251, 1258, 1259, 1845, 1844, 1788, 1253, 1845, 2555, 1842, 4389, 213, 598, 1774, 1845, 1844, 1251, 1258, 1259, 1845, 2555, 1787, 1788, 598, 213, 1842, 1843, 1845, 1774, 1844, 1251, 1259, 1258, 1787, 1788, 2763, 1788, 1842, 1843, 1845, 1844, 1253, 1845, 3085, 213, 598, 2555, 1845, 1253, 1845, 2555, 1842, 1787, 1788, 2763, 598, 213, 1842, 1843, 1845, 2555, 1258, 1251, 1259, 3049, 213, 598, 1774, 1843, 2555, 1845, 3261, 1251, 1258, 1259, 1253, 2555, 1787, 1788, 598, 1843, 1774, 1845, 2555, 1251, 1258, 1259, 1251, 1258, 1259, 2555, 1787, 2763, 1788, 1026, 1251, 1259, 1774, 1253, 2555, 1845, 1787, 1788, 2763, 1845, 1787, 1788, 2763, 598, 1774, 1026, 1251, 1258, 1259, 1842, 1787, 1788, 2763, 1774, 1843, 1844, 1251, 2678, 598, 213, 1845, 213, 1253, 3261, 1026, 1251, 1258, 1259, 1253, 2763, 1787, 1788, 1774, 1845, 1844, 1258, 1259, 2763, 1843, 1844, 1845, 1026, 3049, 213, 598, 1251, 1258, 1259, 2555, 1843, 1774, 1251, 1787, 1788, 1774, 1843, 1251, 1259, 1845, 1787, 2763, 1774, 2555, 1845, 1258, 1259, 1253, 2555, 1787, 1788, 2763, 598, 213, 1843, 1774, 1026, 598, 1842, 1843, 2555, 1845, 1026, 1251, 1258, 1259, 1787, 1842, 1843, 1844, 1845, 1251, 1258, 1259, 1253, 1845, 1843, 1845, 1251, 1258, 1259, 1259, 1845, 1844, 1787, 1788, 2763, 1842, 1845, 1251, 1258, 1259, 1253, 1788, 2763, 1787, 1386, 1845, 1787, 1788, 2763, 598, 213, 2555, 1843, 1251, 1258, 1259, 3049, 1026, 1258, 1259, 3049, 4499, 1251, 1258, 2555, 1845, 1787, 1843, 1842, 2555, 1845, 1787, 1788, 2763, 2555, 1845, 1259, 1258, 1251, 1026, 1253, 2555, 1845, 1842, 2555, 1026, 1788, 3049, 1843, 1845, 1788, 1845, 1251, 1259, 1258, 1788, 1253, 1787, 1251, 1259, 1259, 1258, 1251, 3261, 1787, 1788, 1788, 1845, 1844, 1251, 1258, 1259, 598, 213, 1845, 1258, 1251, 1259, 1844, 1845, 1845, 1251, 1258, 1788, 598, 213, 3049, 1843, 1844, 1845, 1251, 1258, 1259, 1253, 1842, 2763, 1251, 1258, 1259, 1026, 1844, 1845, 1788, 1788, 1845, 1788, 1845, 3049, 1251, 1258, 1251, 1258, 1259]"
515,"[1027, 1027, 2047, 1197, 2072, 1027, 360, 1809, 2072, 4088, 4554, 4399, 1809, 2072, 1622, 2047, 406, 2072, 4399, 3681, 1027, 2072, 3330, 2872, 4399, 4399, 3776, 1027, 2072, 3291, 1027, 3200, 1682, 2072, 2682, 4399, 1687, 4399, 2670, 2669, 2670]"
516,"[23, 889, 1119, 1688, 1786, 2408, 2540, 344, 2408, 1464, 3151, 1786, 2408, 1786, 2408, 1786, 889, 3973, 2408, 2890, 1786, 1520, 1119, 2408, 2408, 3120, 1786, 2408, 1786, 226, 2408, 1659, 3322, 1729, 3151, 2408, 2408, 1512, 3268, 4229, 2408, 1512, 1119, 3338, 4775, 4754, 3136, 2408, 3322, 3104, 1179, 4145, 344, 1786]"
517,"[23, 1224, 1750, 385, 1649, 3151, 23, 1930, 23, 23, 95, 1012, 1632, 1104, 23, 95, 3936, 95, 1046, 95, 95, 3000, 3850, 1488, 3578, 23, 1046, 23, 1046, 265, 363, 2001, 2935, 2001, 4611, 1599, 1812, 617, 507, 1046, 3997, 2624, 3268, 1046, 1046, 95, 1046, 4893, 95, 265, 95, 95, 265]"
518,"[1033, 1033, 2290, 1759, 1033, 76, 1724, 2321, 102, 1033, 1033, 403, 1759, 1033, 950, 3145, 460, 102, 102, 1771, 1033, 614, 1771, 614, 3437, 3524, 656, 1033, 2932, 1033, 145, 1033, 61, 1033, 3508, 145, 1033, 4182, 1033, 2171, 1033, 1033, 4407, 2914, 406, 3524, 2044, 1033, 145, 226, 1033, 614, 175, 3591, 1033, 2876, 406, 406]"
519,"[1037, 1063, 2537, 3099, 1721, 1037, 1920, 3328, 3769, 3820, 702, 3362, 3362, 3099, 2676, 559, 2739, 2537, 3362, 1037, 200, 2901, 1219, 2199, 2822, 2914, 1926, 499, 3820, 3099, 3820, 1063, 666, 363, 3027, 666, 2870, 3820, 2860, 1475, 666, 2038, 3820, 2331, 151, 1063, 1063, 3664, 2903, 3830, 3844, 3792, 337, 1256, 2483, 1696, 320, 1459, 3937, 4515, 4515]"
520,"[1038, 1038, 2176, 3369, 1038, 1038, 3377, 1038, 1038, 2176, 1038, 1038, 3377, 1038, 1038, 2176, 3291, 1075, 1462, 1038, 2176, 1038, 1038, 2210, 3099, 1038, 2657, 131, 2314, 1038, 1038, 1555, 1038, 1038, 3359, 1038, 3705, 1038, 1038, 3377, 1038, 1038, 1576, 3359, 1038, 3377, 1038, 1038, 2384, 1038, 1038, 1848, 1717, 1609, 1038, 3020, 102, 144, 2020, 3019, 1717, 3551, 4254]"
521,"[761, 1198, 761, 1776, 761, 761, 20, 761, 761, 1720, 761, 761, 3321, 1776, 761, 3670, 1776, 1671, 761, 3146, 1490, 1701, 1720, 3777, 3824, 3777, 1912, 1720, 761, 761, 1198, 2176, 761, 761, 3780, 530, 761, 761, 3777, 2176, 1671, 1776, 761, 1198, 1490, 1776, 761, 761, 1912, 1720, 3103, 761, 3232, 1776, 2729, 3777, 761, 761, 2879, 1450, 1198, 1306, 1659, 761, 530, 761, 761, 3590, 761, 761, 82, 761, 1776, 3090, 1776, 761, 761, 1776, 761, 761, 1776, 1720, 761, 761, 1776, 3026, 1035, 1720, 3777, 377, 2241, 1776, 1776, 328, 1720, 4077, 2452, 1173, 1776, 2840, 1198]"
522,"[324, 2766, 3173, 3175, 2598, 324, 324, 3173, 3245, 3247, 3250, 3250, 3307, 714, 3309, 3310, 1638, 3332, 3347, 3173, 3245, 3247, 3307, 3309, 3400, 3175, 3309, 3310, 6, 3247, 3245, 3250, 3247, 2132, 2598, 324, 3566, 3586, 2766, 714, 3309, 3310, 745, 1603, 3173, 3245, 3247, 3250, 2766, 3697, 3307, 3309, 3586, 3247, 3245, 3250, 2766, 3307, 3697, 3813, 714, 791, 1077, 3877, 3245, 3697, 3332, 3173, 1870, 3245, 2766, 3697, 3813, 3309, 3173, 4003, 3586, 4007, 3245, 3247, 2766, 3813, 3307, 714, 3309, 3310, 3697, 3813, 3307, 3309, 3310, 3332, 3002, 745, 3175, 4070, 2467, 3347, 3586, 3649, 3310, 3310, 3173, 3002, 2598, 324, 1781, 4007, 3586, 1966, 1203, 3255, 3697, 3307, 714, 3309, 3310, 3400, 3566, 3173, 3586, 4007, 3250, 3697, 3307, 714, 3310, 3332, 3566, 3173, 1870, 3586, 4007, 3697, 2252, 614, 3344, 2742, 3813, 3250, 3697, 3307, 714, 3309, 3586, 3649, 3173, 1870, 4007, 3347, 3586, 3586, 3649, 3309, 3310, 3400, 4329, 3332, 3566, 4003, 4336, 1870, 3586, 3310, 1870, 3759, 4007, 3332, 3331, 3245, 3247, 3697, 3813, 3307, 3309, 3310, 3347, 3002, 3175, 4007, 3649, 1870, 3247, 3250, 3697, 3002, 3175, 2598, 324, 3566, 4003, 3173, 3586, 3649, 4336, 1870, 4329, 3250, 3697, 3309, 3310, 3400, 4397, 3332, 3173, 3175, 3002, 324, 1128, 1452, 3649, 4329, 4329, 3310, 3566, 4007, 3002, 3566, 3586, 3332, 3002, 324, 4007, 3173, 1870, 4336, 3586, 4007, 3347, 3331, 3245, 3250, 2766, 3697, 102, 3058, 3309, 4168, 3347, 3002, 1873, 249, 3173, 3002, 3175, 2598, 324, 3813, 3307, 714, 3309, 3332, 3002, 3175, 2598, 324, 3566, 4003, 3245, 3247, 3697, 3813, 3307, 714, 3309, 3310, 3332, 3175, 3697, 3813, 3307, 714, 3309, 3310, 4016, 2598, 3566, 3245, 3247, 3250, 2766, 714, 3310, 1870, 3173, 443, 3331, 3347, 1018, 714, 3697, 2766, 3813, 714, 3309, 3310, 3400, 3332, 3002, 3175, 2598, 324, 3173, 3586, 4336, 1870, 3347, 3245, 3247, 2766, 3697, 3310, 3400, 4397, 4329, 3332, 3309, 3002, 3175, 2598, 324, 3566, 3173, 3586, 1870, 3813, 3307, 714, 4329, 3310, 4397, 2598, 3566, 3173, 3245, 3250, 3309, 3310, 3002, 2598, 324, 3245, 3250, 3307, 3309, 3813, 3310, 2598, 324, 4003, 3566, 3173, 3173, 3002, 4003, 4336, 3307, 3309, 1781, 714, 3002, 3175, 324, 3697, 3247, 3245, 3250, 3813, 714, 3309, 4329, 3332, 324, 1452, 3586, 1870, 3307, 714, 3309, 3400, 3310, 3347, 3309, 3175, 324, 3173, 3586, 4336, 4007, 3566, 3247, 3245, 3813, 3310, 3175, 3310, 1452, 4329, 3245, 3250, 3813, 714, 3310, 1452, 3175, 2598, 324, 4003, 3173, 4329, 3347, 3247, 3245, 3250, 2766, 3309, 3400, 1452, 3173, 3245, 3250, 3697, 714, 3309, 4397, 3175, 324, 3173, 2746, 3309, 3310, 4397, 3173, 3002, 3175, 2598, 324, 1452, 3173, 3250, 3813, 714, 3309, 4329, 4397, 3247, 3245, 3250, 2766, 3813, 714, 3309, 3310, 1638, 745, 3173, 3247, 3245, 3250, 3247, 3309, 3310, 3173, 3566, 3175, 324, 4336, 3586, 4007, 3245, 3250, 714, 3309, 3175, 4070, 3002, 3173, 1870, 3586, 4336, 3245, 3250, 3002, 324, 4329, 4007, 3586, 4336, 714, 3310, 3586, 3697, 3813, 714, 3309, 4397, 3173, 3002, 745, 324, 4329, 3813, 3309, 3310, 3175, 2598, 3566, 2976, 4003, 714, 3310, 4397, 4329, 2598, 3566, 3347, 3400, 3332, 3173, 3002, 3175, 4329, 3309, 3310, 714, 3309, 3310, 3400, 1452, 3332, 4329, 3173, 3175, 2598, 3566, 4003, 1870, 4868, 714, 3309, 3310, 3250, 3309, 1998, 4329, 1870, 4007, 3347, 3245, 3247, 4868, 3309, 3310, 3400, 3173, 3002, 2598, 1015, 324, 3566, 4003, 3310, 1638, 1576, 226, 3173, 3310, 3247, 3245, 4868, 4868, 714, 3309, 3309, 3002, 3566, 714, 102, 3309, 3002, 324, 3566, 4003, 3586, 4336, 4007, 3332, 3347, 1870, 3245, 3250, 3566, 4003, 3173, 4336, 1870, 3347, 3331, 4868, 3813, 714, 3309, 3310, 1452, 4397, 3250, 714, 3310, 4397, 3277, 3813, 4868, 3813, 714, 3309, 3310, 3173, 4007, 3332, 4868, 714, 714, 1870, 1452, 3173, 1870, 3173, 4868, 714, 1870, 3307, 4868, 3813, 714, 4397, 714, 4868, 3813, 714, 3347, 1870, 2269, 1063, 3400]"
523,"[337, 1135, 1466, 1621, 3190, 2523, 2523, 213, 2565, 76, 1611, 3273, 4137, 2920, 1776, 1930, 1466, 3132, 2539, 1466, 1611, 1935, 1087, 61, 2875, 1582, 2028, 2245, 1135, 84, 1762, 210, 1762, 3339, 1030, 2883, 4152, 1611, 2903, 5053, 1544]"
524,"[1045, 1018, 1899, 1900, 1901, 471, 2007, 1592, 2009, 2011, 2012, 3197, 69, 1918, 3461, 3460, 3463, 1901, 1899, 2261, 2819, 369, 1991, 3545, 3460, 1682, 3463, 1918, 3548, 69, 2819, 1991, 1705, 3460, 3548, 3461, 69, 3545, 369, 3781, 2819, 3545, 3461, 1018, 3431, 3460, 3461, 1918, 69, 2819, 130, 69, 3545, 3461, 2668, 69, 3545, 130, 1991, 3460, 3461, 69, 3460, 3461, 3197, 69, 3545, 3781, 3460, 3461, 2434, 69, 2819, 1705, 3460, 69, 130, 3460, 3461, 2434, 3463, 3460, 3491, 3461, 69, 2874, 1991, 3461, 3548, 3460, 69, 3781, 2874, 3545, 3461, 3461, 3460, 3548, 69, 3781, 3461, 3461, 3548, 3461, 3548, 2874, 69, 3461, 3461, 2434, 1682, 3463, 3548, 69, 369, 1705, 23, 3808, 357, 3461, 3548, 2434, 69, 130, 2874, 3545, 69, 3461, 3545, 69, 3781, 3461, 3461, 1918, 2434, 1918, 3548, 69, 1293, 3548, 1918, 3461, 2434, 3548, 369, 69, 130, 3461]"
525,"[1051, 1128, 1614, 1972, 1615, 322, 1716, 2501, 3363, 3070, 61, 3538, 2512, 2888, 901, 4310, 2512, 4168, 3593, 1362, 2829, 3363, 4168, 2700, 3692, 2512, 3730, 2512, 4377, 3095, 2876, 249, 3691, 56, 1494, 1998, 1053, 3080, 2888, 2940, 2749, 2749, 2512, 4407, 1158, 1996, 1996, 2290, 1734, 2944, 3691, 3254, 3990, 76, 2851, 1998, 1996, 1166, 2512, 2875, 4269, 2010, 2023, 1188, 3714, 1711, 2512, 1382, 4179, 4168, 1051, 102, 5078]"
526,"[1052, 1755, 1755, 1052, 1052, 3593, 3538, 3660, 3801, 2114, 1052, 3846, 3910, 1052, 1123, 2899, 1052, 1052, 3593, 1052, 1548, 1998, 1696, 3832, 666, 1696, 1052, 2512, 4013, 4414, 3224, 580, 4708, 241, 4017, 1151, 1052, 1659, 1913, 3329, 1907, 2570, 1638, 4775, 3084, 3792, 1052, 210, 2519, 4090, 3455, 580, 2517, 3821, 4189, 525, 3073, 4233]"
527,"[330, 1163, 1163, 1416, 1693, 1163, 1163, 2560, 2660, 1416, 1163, 1416, 2351, 1163, 565, 1416, 3010, 1867, 1416, 1416, 2351, 3010, 1163, 1416, 565]"
528,"[331, 1093, 1093, 1526, 1093, 1093, 1585, 3230, 1093, 3033, 1093, 1526, 995, 1093, 1526, 1093, 82, 1093, 1585, 1093, 425, 1093, 3230, 995, 1591, 331, 1093, 1526, 1093, 1093, 693, 1585, 331, 1950, 1093, 1526, 1093, 1093, 3033, 3230, 1093, 176, 1093, 1093, 425, 1093, 1526, 1093, 331, 1093, 2253, 3033, 1093, 1093, 1016, 1093, 1526, 1093, 1093, 995, 331, 1093, 1093, 1598, 1591, 1535, 1093, 1389, 324, 1475, 324, 1900, 324, 1389, 1093, 1093, 331, 1093, 1093, 324, 1389, 1093, 1389, 324, 2910, 54, 1093, 1389, 1093, 1093, 331, 1093, 1389, 249, 1093, 1389, 249, 324, 1389, 1093, 176, 1093, 2271, 1093, 1389, 1475, 249, 1389, 1093, 1093, 3033, 1389, 1018, 102, 324, 1093, 324, 1389, 1093, 3033, 2253, 1585, 1093, 1093, 425, 1093, 425, 1093, 3033, 1093, 425, 331, 2253, 1093, 1093, 331, 1093, 3230, 380, 1093, 1093, 54, 1093]"
529,"[1068, 333, 1145, 2291, 1145, 2418, 2673, 2291, 1068, 2418, 3482, 3598, 226, 1145, 2418, 3322, 2418, 1145, 417, 2537, 4092, 3860, 18, 226, 151, 507, 3133, 1068, 20, 2001, 3216, 3482, 2418, 1572, 4457, 2291, 1196, 3598, 1145, 2418, 4231, 2418, 1068, 1068, 2418, 1145, 2291, 3482, 1145, 4148, 2714, 2291, 994, 3322, 2539, 612, 3847, 2418, 1068, 1504, 2418, 4692, 3183, 2702, 4099, 2291, 1599, 3322, 3482, 2291, 1145, 4692, 2652, 226, 1068, 1145, 2418, 2418, 2291, 2418, 2291, 2418, 3322, 2291, 3977, 3598, 1329, 1701, 3791, 2291, 3482, 375, 2418, 2291, 1145, 2695, 2418, 3068, 488, 1068, 2354, 151, 2749, 1145, 226]"
530,"[1070, 1071, 1072, 1073, 1149, 1150, 1164, 1302, 1070, 1071, 1070, 1072, 1071, 1302, 1529, 1811, 1811, 1813, 1149, 1150, 1815, 1070, 1302, 1882, 1071, 1072, 1070, 1302, 1072, 1071, 1529, 1070, 1071, 1072, 1882, 1811, 324, 2509, 1811, 2514, 2515, 1070, 1072, 1071, 1302, 2759, 2760, 2515, 1529, 1529, 1882, 1811, 1811, 1815, 1813, 2514, 3059, 3072, 1073, 3059, 2759, 2509, 2760, 1150, 1529, 1150, 1070, 1070, 1302, 1302, 1071, 1302, 1302, 1071, 1072, 1070, 1302, 1070, 1071, 1072, 1070, 1302, 1070, 1072, 1070, 1302, 1071, 1072, 1529, 1070, 1071, 1302, 1072, 1070, 1302, 1072, 1071, 1811, 1529, 2760, 2515, 3072, 1149, 3059, 1302, 1071, 1302, 1070, 1071, 1072, 3871, 3072, 1882, 1811, 1149, 1070, 1811, 1811, 3072, 1149, 3943, 1070, 1071, 1302, 1072, 2514, 3943, 3059, 3072, 2514, 3943, 3943, 1070, 1302, 1071, 1072, 1072, 2514, 3995, 1882, 1529, 2759, 3072, 1070, 1070, 1072, 1302, 1882, 2759, 2760, 3943, 1811, 1811, 1149, 1813, 3072, 2509, 2514, 1815, 1070, 1302, 1071, 3197, 1072, 2514, 1072, 1070, 1302, 1071, 1072, 2514, 1882, 3943, 3995, 1811, 1811, 1813, 1815, 2760, 3995, 1529, 1072, 1070, 1302, 1071, 1529, 2509, 1070, 1302, 1071, 1072, 2509, 1529, 1529, 3059, 1070, 1302, 2514, 1072, 2509, 1811, 1811, 1882, 1811, 4270, 1070, 1071, 2514, 1070, 1302, 1882, 1071, 1072, 2514, 2509, 1811, 1811, 1302, 1302, 1070, 1302, 2514, 1072, 3072, 1811, 1811, 1149, 3995, 2240, 2514, 1071, 1072, 1302, 1882, 1073, 3943, 1811, 1073, 1529, 2509, 1302, 1070, 1072, 565, 2759, 1073, 3059, 1070, 1302, 2514, 2514, 1072, 1071, 1149, 1073, 2515, 3059, 2515, 1302, 1070, 1071, 2514, 1072, 2760, 1811, 1813, 1070, 1072, 1302, 2514, 1811, 1882, 3059, 1882, 3072, 1073, 1882, 3059, 2515, 3995, 1149, 1150, 2509, 4270, 1815, 3995, 1070, 2514, 1071, 2514, 1811, 1811, 1813, 1813, 1072, 3072, 1882, 2760, 2509, 1150, 3943, 1815, 2514, 1070, 1302, 1302, 1072, 1072, 2509, 1882, 2514, 1302, 1070, 1071, 1072, 1882, 1073, 3985, 3985, 1070, 1072, 2514, 1071, 1302, 1813, 3995, 1073, 3059, 2514, 1072, 1071, 3943, 2514, 1302, 1070, 1302, 1071, 1882, 1811, 1150, 2759, 3985, 1150, 1302, 1811, 1811, 2515, 1073, 3059, 1813, 3072, 3995, 3063, 1072, 1302, 1071, 2514, 1882, 3995, 1811, 1811, 1529, 1070, 1302, 1071, 1072, 2514, 1070, 1072, 1070, 1302, 2514, 1071, 2760, 1811, 1811, 1475, 1302, 1070, 1071, 1072, 2514, 1811, 1315, 175, 2979, 1315, 1811, 1811, 1813, 3072, 1073, 2759, 1632, 3118, 175, 1824, 2979, 1070, 2514, 2514, 1302, 2514, 1070, 1071, 1072, 1150, 1071, 4270, 1071, 2514, 1070, 1071, 1302, 1811, 1072, 1811, 2509, 3059, 1073, 1071, 1070, 1070, 2514, 1302, 1071, 1072, 2514, 1070, 1302, 1070, 1302, 2514, 1302, 1072, 2514, 2515, 1150, 175, 1632, 4352, 1815, 1149, 3072, 1811, 1811, 1070, 1072, 2514, 175, 2979, 1526, 1302, 2759, 2515, 1070, 1071, 1072, 1302, 2514, 1070, 1071, 1302, 1072, 1072, 2514, 2515, 3059, 1071, 1072, 2514, 1150, 1070, 1071, 1072, 1302, 2514, 2509, 2514, 1070, 1302, 1071, 1072, 1071, 1882, 1073, 1070, 1813, 1071, 1302, 1070, 2514, 1072, 2509, 1073, 4755, 2514, 1070, 1302, 1071, 2514, 1302, 1302, 2514, 2514, 1070, 1071, 1882, 1070, 1070, 1071, 1071, 1072, 1073, 1072, 2514, 1070, 1302, 1302, 4755, 1072, 1071, 1070, 1302, 2514, 1072, 2514, 1070, 2514, 1302, 4755, 1071, 1072, 2972, 253, 1072, 2514, 1302, 1070, 4755, 1071, 4811, 1882, 1073, 1302, 1070, 2514, 1071, 1073, 2515, 1811, 1813, 1149, 2760, 3072, 2514, 1302, 4755, 1072, 1811, 1882, 1811, 1813, 3072, 1149, 4811, 4270, 1070, 2514, 1071, 4755, 1811, 1811, 3072, 1149, 1073, 2514, 2514, 175, 1070, 4755, 2514, 1071, 1302, 1072, 1882, 2509, 1150, 2514, 2514, 1072, 4755, 1811, 1882, 1811, 3943, 4811, 1150, 4270, 1150, 2514, 1072, 1302, 1302, 1071, 2515, 1072, 1811, 2514, 4755, 1070, 1071, 1071, 1882, 3943, 4755, 1070, 2514, 1072, 1071, 1302, 3072, 3943, 1882, 2515, 1150, 4852, 4811, 2514, 2514, 4755, 4755, 2759, 2514, 4811, 2514, 2514, 4755, 1302, 1302, 1071, 2515, 1302, 1813, 4852, 4852, 4755, 1070, 2514, 1302, 1882, 1072, 1072, 1882, 1813, 2515, 1073, 3072, 1813, 2514, 4755, 1070, 1302, 1811, 4755, 2514, 1070, 1302, 1071, 1071, 1072, 1882, 1149, 4852, 4270, 1302, 1070, 1072, 4852, 1811, 4755, 2514, 1302, 1071, 1072, 4852, 2509, 2509, 1070, 1072, 1071, 2514, 1302, 2760, 1073, 1070, 1071, 1302, 2760, 4755, 1070, 1072, 4755, 1070, 1072, 2514, 1070, 4755, 1072, 1071, 1302, 4852, 2514, 4755, 1302, 1070, 2514, 4755, 1070, 2514, 1072, 1811, 3072, 3995, 1070, 1302, 1071, 4755, 1813, 3072, 1072, 1070, 1071, 1073, 4811, 2514, 1070, 1070, 1071, 1811, 1149, 4755, 1070, 2514, 1302, 1072, 4852, 2759, 1813, 1813, 2509, 2514, 4755, 1070, 4852, 4755, 2514, 1072, 1302, 1813, 2509, 1070, 1302, 1072, 1070, 4852, 2759, 1073, 2514, 4755, 1070, 4755, 1070, 1071, 1813, 1882, 2509, 2759, 1073, 4852, 4755, 2514, 1070, 1302, 1071, 1072, 2760, 2515, 4755, 1302, 2514, 1072, 1071, 1073, 5001, 4852, 4755, 1070, 2514, 1302, 1072, 1073, 1070, 1071, 4852, 1813, 4852, 4755, 2515, 5001, 2760, 4811, 4852, 4755, 2514, 1070, 1071, 1302, 4811, 5001, 4755, 4755, 1813, 4755, 1070, 1070, 5001, 1071, 2514, 1302, 2515, 1882, 1882, 5001, 5001, 4811, 4811, 1070, 1302, 2514, 1302, 2760, 1072, 4852, 3985, 5001, 1813, 1070, 1072, 1302, 1072, 2515, 4852, 4755, 1070, 1302, 1071, 5001, 1070, 1813, 1071, 2514, 4755, 1813, 1070, 1302, 2514, 1071, 1072, 2514, 1813, 4811, 1073, 2514, 4852, 4755, 1070, 1072, 1813, 1813, 2515, 4811, 1073, 5001, 2759, 4852, 1070, 2514, 1302, 1071, 1302, 1813, 5001, 4852, 4755, 1070, 2514, 1302, 2515, 5001, 4811, 2760, 1149, 4852, 4755, 1070, 2514, 1813, 2515, 1150, 2514, 1302, 1072, 4852, 1070, 4755, 2514, 1302, 1071, 1072, 4852, 2514, 1302, 5001, 3943, 1813, 4852, 1070, 1071, 4755, 2514, 4755, 1302, 1302, 1072, 1073, 2759, 1813, 4852, 1070, 2514, 1811, 1150, 2514, 1071, 1072, 2515, 1073, 1813, 2514, 1071, 1071, 1302, 4811, 1813, 4852, 2514, 1071, 5001, 3943, 1073, 2515, 2759, 4852, 4755, 1070, 2514, 4755, 1302, 1071, 1072, 1073, 5001, 4270, 3072, 4852, 4755, 1070, 2514, 1072, 1071, 1302, 1813, 5001, 2515, 1073, 2759, 2759, 1813, 1070, 1072, 1150, 1071, 1811, 1811]"
531,"[69, 357, 249, 1307, 2443, 249, 1320, 1076, 1638, 1308, 1043, 312, 1010, 61, 3931, 3074, 2895, 889, 4008, 2037, 18, 1656, 406, 31, 442, 1307, 3074, 3653, 249, 3331, 812, 2187, 4062, 684, 883, 510, 3743, 3931, 84, 1892, 175, 2114, 442, 61, 3748, 3074, 31, 2895, 3678, 18, 616, 4028, 406, 3074, 406, 3743, 2495, 1784, 4062, 1638, 5079]"
532,"[1081, 423, 2224, 3590, 1799, 423, 2001, 1582, 3286, 2224, 1791, 3312, 2517, 423, 3343, 1617, 4471, 1729, 4433, 2001, 1563, 3890, 4145, 821, 2553, 3590, 2763, 4471, 3890, 3133, 1464, 4146, 2926, 1759, 3012, 456, 1735, 3090]"
533,"[1098, 1098, 2086, 2412, 1098, 2253, 2412, 1098, 1098, 2086, 2086, 2412, 2086, 2412, 2717, 2086, 1098, 2086, 1098, 2086, 2086, 2412, 1098, 1598, 2086, 2412, 2086, 1098, 1098, 2412, 2086, 4312, 2412, 2086, 2086, 2412, 2086, 3230, 2086, 2412, 2717, 995, 2086, 2086, 1598, 2412, 2086, 995, 2412, 2412, 995, 836, 2412, 2086, 1098, 1098, 2412, 1098, 2412, 2412, 2086, 1098]"
534,"[352, 31, 406, 4302, 4302, 406, 4302, 4302, 1851, 2583, 4560, 406, 4560, 4302, 3699, 4302, 4560, 4560, 3699, 4302, 3699, 406, 4302, 3699, 3699, 1027, 4302, 3699, 4740, 4560, 1851, 4560, 4740, 3699, 3839, 4560, 4302, 406, 3699, 3681, 3119, 4302, 4740, 3699, 4302, 4302, 1027, 4740, 2968, 4302, 1851, 4302, 4302, 4560, 1851, 3699, 4302, 4302, 3494, 4560, 4302, 4740, 1851, 4302, 4302, 406, 1851, 4302, 4625, 4560, 4560, 4625, 3196, 4560, 4302, 3699, 4302, 406, 406, 4302, 4740, 4302, 2968, 4302, 2968, 4302, 4302, 4740, 4560, 4560, 4302]"
535,"[1105, 1859, 1105, 1859, 1105, 2876, 2876, 1859, 2901, 1724, 3806, 901, 901, 2876, 2876, 1932, 3806, 3806, 1932, 901, 1859, 1105, 1859, 4420, 1859, 1859, 4255, 1105, 4255, 2366, 2366, 4255, 2919, 1859, 1859, 4255, 208, 3233, 3233, 4311, 1859, 1859, 4255, 3682, 4255, 4255, 2653, 2914, 2914, 1859, 2919, 4420, 3377, 4255, 4255, 1859, 4420, 1859, 4420, 1703, 4420, 2876, 2876, 4420, 2653, 4420, 2653, 2653, 102, 4420, 2919, 4420, 4420, 2919, 1859, 1932, 4420, 3806, 1859, 1859, 2919, 4420, 1105, 2653, 2653, 3806, 2653, 2919, 253, 3806, 4420, 4420, 1932, 3806, 3863, 4420, 3806, 1859, 1932, 3283, 4420, 1859, 1859]"
536,"[1110, 1759, 7, 1110, 2258, 1110, 7, 1110, 2880, 23, 2544, 2290, 3130, 7, 2544, 7, 1349, 1110, 3546, 3609, 2544, 2456, 2544, 1580, 2544, 7, 1110, 1349, 7, 1110, 7, 1110, 7, 1110, 7, 2258, 152, 7, 2880, 7, 1873, 7, 1349, 3406, 1110, 6, 7, 1349, 7, 1872, 7, 7, 2880, 2880, 3130, 7, 2258, 7, 7, 2880, 7, 2880, 1050, 7, 2880, 7, 3936, 2880, 7, 1652, 1652, 2544, 777, 1349, 7, 1110, 7, 7, 2544, 1652, 2544, 7, 1652, 2544, 7, 7, 1652, 1349, 3077, 151, 1759, 1873, 7, 2290, 7, 1349, 7, 7, 1652, 2544, 2456, 2880, 2880, 7, 2544, 1170, 1170, 435, 1444, 7, 2258, 1349, 7, 2456, 7, 1349, 1110, 1484, 2880, 7, 7, 2880, 7, 1349, 1652, 7, 2258, 7, 2917, 7, 2298, 1652, 7, 3936, 2880, 3883, 7, 1349, 7, 3534, 777, 7, 2880, 6, 2544, 4971, 4386, 1652, 1652, 777, 7, 1652, 7, 2880, 2290, 777, 23, 777, 4893, 2544, 1652, 1652, 2544, 7, 2258, 2544, 7, 777, 5079]"
537,"[1116, 1115, 226, 1864, 2029, 1115, 1116, 2029, 1116, 1116, 2494, 2029, 1115, 2494, 2489, 2029, 2733, 1116, 1115, 2029, 1115, 1116, 2029, 3144, 2029, 1116, 1115, 2029, 1115, 2029, 1115, 1116, 2029, 1115, 2029, 2733, 2029, 2029, 1496, 257, 2029, 2029, 1713, 2029, 1115, 1116, 1115, 2733, 2029, 1115, 1116, 2029, 3144, 3537, 2029, 2029, 1115, 1116, 2029, 1115, 1116, 2029, 1115, 1116, 2029, 1116, 2029, 1115, 1116, 2029, 1115, 1116, 2029, 1115, 1116, 2029, 1116, 1115, 1116, 2029, 1116, 1115, 2537, 614, 2029, 172, 3790, 423, 2029, 1753, 2029, 3977, 2029, 2722, 1809, 2029, 1713, 4125, 2029, 257, 257, 2029, 2029, 2044, 3977, 2029, 4678, 4678, 2029, 614, 4678, 2029, 3771, 1700, 2029, 4678, 4678, 2029, 2029, 1713, 4678, 2029, 2029, 4678, 4678, 2029, 4678, 2029, 4678, 2047, 1115, 2029, 614, 2029, 2029, 2876, 2029, 1115, 1115, 3095, 2029, 1115, 1115, 1116, 1115, 1116, 1115, 2029, 3144, 2029, 3863, 2029, 2029, 1115, 1115, 2029, 1115]"
538,"[1118, 1610, 1991, 1118, 2381, 1991, 2888, 1991, 1610, 1991, 1118, 1118, 1991, 3466, 259, 1118, 1991, 1610, 2708, 1118, 1991, 2477, 1118, 1991, 1356, 1610, 1118, 2110, 2627, 1118, 2708, 1118, 1991, 69, 1118, 1991, 2708, 1118, 1991, 1118, 2688, 1610, 1034, 1118, 1118, 1991, 1118, 1991, 2708, 1118, 1118, 1991, 1118, 2708, 1118, 1118, 2708, 2627, 2627, 1118, 1610, 1118, 1118, 1941, 1743, 1118, 2708, 2829, 1386, 1118]"
539,"[1124, 1169, 1376, 1548, 1603, 1376, 2001, 1124, 1376, 1376, 3185, 1603, 1376, 3153, 1124, 1018, 1376, 2187, 1123, 2544, 1376, 1124, 1376, 1376, 1996, 1376, 368, 1376, 4319, 1603, 1376, 1376, 2046, 1376, 1376, 3329, 1376, 1169, 1124, 1603, 1376, 1376, 1124, 1376, 1376, 1124, 3286, 2481, 368, 3153, 1376, 3554, 1376, 1124, 1376, 1124, 1376, 1376, 1996, 1376, 1124, 1376, 1376, 1124, 3604, 1376, 2233, 1376, 1376, 1124, 4433, 1376, 1124, 3779, 1124, 1376, 1376, 672, 1376, 1376, 1124, 817, 1376, 1376, 368, 3224, 1376, 1376, 3600, 1376, 672, 1376, 1376, 2544, 368, 1376, 368, 368, 1376, 3600, 366, 2481, 1376, 368, 1376, 1124, 1124, 3600, 1124, 1376, 1376, 3676, 1376, 1124, 1124, 1376, 1376, 1124, 368, 1376, 1376, 368, 1124, 1376, 671, 1376, 1603, 1376, 3539, 1638, 3600, 368, 1376, 1376]"
540,"[1129, 1316, 1316, 2495, 2492, 2884, 1316, 1316, 910, 4016, 1316, 82, 82, 1316, 1316, 2390, 1316, 1316, 142, 1316, 1316, 344, 1151, 910, 1316, 119, 1316, 3120, 1316, 406, 406, 1316, 1316, 428, 1316, 1316, 2110, 1316, 1316, 905, 1316, 4399, 1316, 1316, 1450, 905, 1316, 1316, 905, 1316, 1316, 28, 4882, 1534, 4882, 821, 821, 4882, 821, 4882, 3401, 3633, 1534, 3511, 4882, 3954, 292, 2790, 3633, 4882, 3646, 2790, 3419, 4882, 3511, 4882, 1534, 3511, 3954, 4882, 3511, 4882]"
541,"[1134, 1134, 3988, 1134, 1134, 3988, 1134, 4181, 1134, 1134, 3781, 3904, 3368, 1134, 3781, 1134, 3781, 3988, 3988, 1134, 2623, 1134, 4181, 2961, 4181, 2961, 3988, 3800, 1134, 375, 1134, 4181, 2961, 1134, 3781, 1596, 1134, 1134, 3988, 1134, 3781, 1134, 3988, 3988, 1134, 1134, 3988, 1134, 3988, 1134, 3988, 1134, 1134, 4181, 1134, 1134, 4181, 1134, 3988, 1134, 1134, 3781, 1134]"
542,"[337, 102, 337, 102, 2875, 151, 353, 771, 378, 707, 3379, 1018, 3619, 1913, 3736, 3722, 3835, 3619, 3848, 3879, 3871, 1189, 2001, 3312, 1018, 3879, 2971, 4231, 3836, 1464, 36, 1018, 1018, 3369, 3359, 1096, 4231, 3619, 4231, 1682, 1018, 378, 23, 151, 1659, 2001, 4231, 4589, 3619, 1096, 3736, 1018, 4200, 4692, 23, 4700, 1189, 1654, 4692, 3217, 3283, 2218, 1560, 1096, 3619, 3343, 328, 1691, 151, 151, 1202, 1622, 617, 3822, 3338, 2422, 3845, 1735, 4692, 2001, 4200, 1749, 2476, 3463, 2260, 4692, 2820, 61, 3658, 61, 61, 3372, 4692, 111, 1464, 2653, 908, 3619, 1018, 3364, 4611, 516, 3736, 1018, 3791, 2260, 3338, 2260, 3982, 4291, 3223, 3293, 1285, 4692, 4262, 3736, 1096, 3369, 2001, 2001, 3974, 3974, 1464, 4692, 4193, 2860, 151, 1603, 470, 2001, 3364, 2936, 5079, 3879]"
543,"[372, 337, 2138, 342, 337, 3319, 3859, 3246, 1977, 342, 3770, 2331, 3964, 3964, 674, 2138, 2790, 342, 102, 2895, 2138, 3859, 342, 342, 2331, 82, 342, 2294, 4460, 3264, 981, 2138, 4460, 2176, 4460, 674]"
544,"[1151, 1379, 2076, 2076, 2743, 2076, 1151, 2076, 2076, 2859, 1379, 61, 2076, 2859, 1379, 2022, 1379, 2076, 2076, 1379, 2076, 352, 2076, 1379, 2076, 2076, 1379, 1379, 2076, 2076, 1379, 2076, 2076, 3447, 3447, 1379, 2076, 2076, 1786, 2076, 1379, 1151, 2076, 4893, 2743, 2076, 293, 2076, 2076, 1151]"
545,"[1155, 1156, 1638, 1966, 1668, 669, 999, 2726, 226, 151, 1925, 2106, 3414, 1104, 1378, 1343, 328, 3233, 1343, 3660, 364, 2187, 2079, 3233, 328, 2217, 4151, 18, 2646, 1925, 1428, 201, 1428, 2869, 3666, 3224, 2477, 442, 1647, 1202, 1104, 1423, 1428, 1202, 1918, 1428, 84, 1428, 23, 3130, 1104, 1212, 1202, 2191, 3977, 2483, 2452, 129, 364, 2281, 994, 1659, 406, 2583, 2305, 4886, 2659, 2305, 4886, 342, 1029, 4148, 3980, 5053, 5065]"
546,"[238, 1475, 2017, 1925, 224, 2305, 224, 2483, 224, 2869, 360, 1192, 947, 102, 3437, 328, 328, 4102, 1018, 224, 406, 3699, 224, 2693, 3223, 224, 224, 187, 4065, 1018, 1721, 224, 78, 1018, 2693, 1816, 3099, 224, 224, 1018, 324, 2867, 324, 324, 312, 322, 1925, 3367, 3217]"
547,"[1158, 1167, 1644, 1750, 1764, 1456, 2491, 2857, 1743, 2975, 2637, 2857, 3550, 1743, 1764, 2619, 1743, 1764, 1764, 1659, 3297, 392, 3857, 1764, 1764, 3297, 84, 1764, 392, 392, 4598, 392, 3635, 2335, 3202, 3425, 1659, 1765, 392, 3425, 1659, 1928, 3297, 1202, 422, 2688, 1678, 3089, 1873, 392, 1743, 422, 1743, 392, 4607]"
548,"[1160, 1160, 3911, 1160, 3911, 1160, 1160, 4043, 1160, 1160, 1010, 1160, 1160, 3911, 1160, 1160, 3911, 3911, 1160, 243, 1160, 1160, 243, 3911, 1160, 1160, 3911, 3911, 1160, 1160, 243, 3911, 3911, 1160, 1160, 3118, 1160, 1160, 4314, 1160, 1160]"
549,"[1107, 1436, 1107, 1693, 1107, 1436, 1436, 1107, 1436, 1107, 1436, 1107, 1436, 1704, 4204, 1436, 4204, 1107, 1436, 1107, 1436, 83, 4204, 1107, 1436, 4204, 1107, 121, 4204, 1107, 1107, 1436, 1107, 1436, 1107, 1436, 1107, 1436, 1107, 1436, 4204, 1107, 1436, 3064, 1107, 1436, 1107, 1436, 1436, 4204, 1107, 2038, 1436, 3292, 4204, 1107, 1608, 1107, 4204, 1107, 1608, 1107, 384, 4204, 1107, 4204, 4204, 1107, 1107, 1436, 1659, 1107, 1107, 1436, 1107, 1107, 4204, 1107, 1107, 1468, 4204, 1107, 4204, 1107, 4204, 1436, 4204, 1107, 4258]"
550,"[1162, 1377, 1398, 1377, 1980, 1162, 2741, 1980, 2383, 3054, 1980, 3201, 3237, 1162, 3311, 3237, 1162, 1980, 1162, 1162, 1398, 3237, 1980, 3955, 1980, 4047, 981, 3945, 3311, 1666, 1162, 4047, 3955, 2361, 82, 2741, 4047, 4047, 3054, 3237, 1162, 4047, 1398, 1637, 3237, 1980, 1980, 3311, 1162, 1980, 1377, 3237, 1162, 1162, 4047, 3201, 3955, 3237, 4047, 3237, 4047, 1398, 1162, 3237, 82, 1950, 1162, 3054, 3237, 1162, 3237, 2741, 2383, 4047, 1377, 3311, 3054, 2741, 4681, 1162, 2741, 1162, 2741, 3201, 1162, 1980, 3054, 3237, 3955, 1162, 1626, 3237, 3237, 1980, 4681, 4681, 4047, 3945, 4681, 1162, 4681, 3237, 1162, 1377, 3054, 1377, 3237, 4681, 4047, 1162, 4047, 1626, 4047, 3955, 3054, 3201, 4681, 3237, 3237, 4681, 1162, 4047, 4681, 1377, 4047, 1980, 4047, 2741, 2741, 1162, 4681, 1162, 1162, 3201, 2741, 3237, 4681, 1162, 82, 3237, 3237, 4681, 4681, 4047, 1377, 2741, 1162, 2741, 3054, 4681, 4681, 1018, 1377, 3054, 1162, 4681, 4681, 981, 981, 3955, 4681, 4681, 1162, 3201, 2741, 1162, 1162, 4047, 4681, 4681, 981, 3945, 1030, 4681, 4047, 981, 3945, 1377, 3311, 1162, 4681, 3237, 1162]"
551,"[1172, 1172, 1104, 1172, 684, 1172, 3411, 1172, 1172, 3919, 1172, 3919, 3919, 1475, 3919, 1557, 1381, 3919, 1172, 3919, 1496, 3919, 1603, 3919, 1172, 1950, 1950, 1172, 3919, 1172, 4015, 3919, 1172, 1172, 324, 3919, 3919, 2879, 3919, 312, 1533, 82, 82, 3919, 3919, 1172, 3980, 3919, 1172, 3919, 3170, 3919, 986, 3919, 2001, 1496, 1172, 1172, 3919, 3510, 312, 1981, 3919, 1603, 406, 3919, 3919, 1172, 1172, 344, 1557, 3919, 312, 3919, 1145, 357, 2049]"
552,"[82, 1324, 61, 61, 2753, 867, 2753, 2753, 3663, 3680, 2753, 3663, 2753, 3663, 2753, 2753, 1, 1566, 61, 61, 3680, 2753, 3663, 3663, 2753, 3680, 958, 3663, 3663, 2753, 3680, 3663, 2753, 958, 3663, 958, 2753, 3663, 2753, 3663, 2753, 2753, 2004, 2753, 3663, 3663, 3680, 690, 3929, 2753, 3929, 3929, 3663, 3929, 3929, 958, 2742, 155, 3929, 3929]"
553,"[1179, 1192, 1336, 1663, 1030, 1910, 1030, 1030, 867, 1484, 1336, 2905, 1030, 867, 3123, 1030, 867, 353, 1192, 1910, 1030, 867, 1336, 2149, 324, 2823, 61, 1336, 1910, 1910, 1663, 353, 2326, 1192, 2905, 1910, 1484, 3135, 3029, 131, 1910, 1484, 3640, 1192, 2905, 1786, 1663, 1336, 1910, 1910, 1192, 2905, 102, 1663, 1030, 2743, 1030, 4375, 2905, 4375, 2743, 1336, 2905, 4375, 2038, 3640, 1192, 4375, 1663, 1663, 2905, 1663, 337, 283, 1910, 4297, 2031, 131, 1484, 1336, 1910, 1336, 2905, 3132, 3640, 131, 2905, 2908, 3294, 1336, 1663, 337, 2905, 324, 3640, 283, 1484, 3364, 3123, 2031, 2743, 1336, 1435, 1663]"
554,"[1180, 1180, 102, 1180, 1180, 2521, 1180, 1180, 2716, 1180, 1180, 2716, 3905, 3770, 1180, 1180, 2477, 858, 1180, 1180, 2477, 1180, 1180, 1548, 1180, 1180, 3954, 2856, 2477, 1180, 1180, 4607, 1180, 986, 1180, 1180, 1035, 1752, 1180, 403, 1191, 986, 986, 1180, 986, 1180, 986, 986, 3977, 1166, 4814, 4259, 986, 986, 102, 2527, 4417, 1743, 3251, 4417, 3056, 4266, 4183, 1180, 515, 2851, 2749, 324]"
555,"[1181, 1186, 1647, 1186, 1181, 1186, 1578, 1186, 1186, 1647, 1181, 1186, 1186, 3927, 1186, 1578, 4004, 1578, 1647, 1186, 3064, 4004, 1186, 1181, 1578, 4004, 3927, 1647, 1181, 3927, 3927, 1578, 4004, 1186, 2114, 1578, 3836, 4265, 1181, 1181, 1186, 1181, 1578, 3927, 1181, 1647, 4531, 3836, 3927, 1578, 4004, 1186, 1578, 2050, 617, 1622, 1181, 337, 1186, 1181, 3000, 1181, 3836, 1186, 1186, 1181, 4137, 2227, 1186, 1181, 1186, 3356, 1484, 6, 3356, 4004, 4004, 1186, 3356, 4004, 617, 4004, 200, 337, 812, 1186, 4004, 1186, 406, 1186, 4004, 1647, 4004, 4004, 1186, 4004, 1186, 1186, 3000, 4004, 4004, 1186, 4004]"
556,"[403, 2046, 2057, 2057, 510, 3056, 3379, 3379, 2816, 2895, 1991, 1707, 3807, 1456, 579, 3871, 1571, 2659, 2057, 2317, 2057, 1469, 2057, 3262, 4152, 2057, 1381, 2901, 2057, 2057, 4238, 4276, 4276, 1925, 2057, 2297, 2057, 4442, 2057, 3832, 2057, 2057, 1749, 4700, 1618, 328, 2057, 4598, 1577, 2057, 2057, 4801, 2057, 1612, 1484, 1548, 2057, 1548, 1381, 616, 616, 2057, 2057, 195, 2743, 1576, 2334, 2057, 3606, 883, 2500, 4893, 2057, 1618, 2252, 5079]"
557,"[1193, 1193, 1686, 1193, 1193, 151, 1193, 1193, 3076, 1193, 1193, 4182, 1193, 268, 3974, 1193, 1193, 2927, 1544, 1193, 1193, 3076, 4146, 1193, 4242, 4588, 1193, 1193, 897, 1193, 1193, 1925, 1786, 1982, 1193, 1193, 378, 1193, 1193, 3298, 1193, 1193, 1982, 1193, 1621, 1193, 1193, 1209, 1193, 1193, 3830, 1193, 1193, 495, 2646, 1193, 1193, 4946, 1193, 1193, 4893, 1193, 1193, 2452, 1193]"
558,"[503, 503, 1629, 61, 1864, 2474, 880, 2860, 3276, 3293, 2860, 2860, 1018, 2474, 4077, 1039, 3885, 1729, 1147, 1729, 1749, 2860, 3146, 3885, 3123, 1010, 4276, 1010, 880, 880, 3885, 4442, 31, 3885, 2860, 3146, 3885, 2860, 2260, 2477, 3224, 3885, 2047, 880, 3885, 3885, 1521, 2860, 3885, 2749, 4233, 880, 2474, 880, 322, 2934, 3885, 880, 2007, 2474, 880, 3885, 4893, 3885, 5053, 880, 3885, 3885, 4269, 4077, 2860, 516]"
559,"[1196, 1374, 312, 2123, 2123, 3139, 2437, 3360, 1390, 2123, 3360, 2123, 3360, 1196, 3360, 2123, 3360, 2123, 1484, 3360, 2123, 3360, 2123, 1374, 3360, 2123, 2123, 1819, 3360, 3000, 2123, 3360, 2123, 3360, 2123, 1196, 2890, 3360, 1010, 3360, 2123, 2123, 3360, 2916, 3360, 1075, 3360, 3360, 2123, 3360, 2123, 84, 2123, 2123, 3241, 3686, 3360, 3360, 2123, 2123, 18, 2123, 3360, 3143, 3360, 3360, 1614, 3360, 3360, 2123, 2123, 3360, 4291, 3360, 2123, 2123, 3360, 2123, 1165, 2123, 1196, 3360, 2489, 3360, 3360, 2123, 3360, 2123, 2123, 4520, 3360, 3360, 2123, 3360, 2123, 3360, 2123, 3360, 2123, 3360, 2028, 3360, 2489, 3360, 2123, 3780, 3360, 2123, 3360, 2123, 2123, 1773, 3360, 3360, 2123, 3360, 2123, 3360, 2123, 2660, 4053, 1010, 3360, 2123, 3360, 1735, 3360, 3360, 2123, 18, 2123, 2123, 2478, 1196, 3360, 3492, 3360, 2123, 1158, 1196, 1202, 3360, 2123, 2123, 3090, 3360, 2123, 2123, 4140, 1196, 3855, 3360, 1803, 3360, 3151, 3360, 2123, 1191, 3360, 2123, 3360, 2123, 2123, 3360, 3360, 2123, 18, 3360, 2123, 3786, 3360, 2123, 2123, 1112, 1819, 2340, 3360, 2123, 334, 5074, 3843]"
560,"[1201, 1789, 1805, 2690, 176, 1805, 1789, 226, 76, 1789, 1789, 357, 76, 76, 176, 2239, 1789, 3105, 2239, 1789, 26, 1789, 1805, 1789, 1805, 4477, 2915, 1506, 4477, 159, 1257, 2963, 159, 4544, 159, 3605, 200, 1805, 176, 1018, 1789, 2963, 1257, 3105, 1506, 1789, 1652, 1652, 61, 1789, 1018, 3543, 3274, 4645, 176, 4940, 4600, 4940]"
561,"[1208, 1208, 1864, 1208, 1208, 1551, 2157, 1208, 1208, 169, 1670, 1208, 1208, 1566, 1, 1010, 1208, 1208, 4589, 1208, 1208, 3436, 4541, 1208, 1208, 5079, 1208]"
562,"[580, 1169, 1925, 2810, 3177, 410, 333, 333, 2293, 1734, 1737, 3705, 1880, 443, 269, 134, 1886, 1925, 3177, 427, 2481, 469, 574, 443, 26, 1112, 3068, 1998, 3185, 3304, 644, 82, 4801, 353, 1612, 3177, 1952, 1974, 3177, 4597, 4597, 1737, 1940, 502, 1593]"
563,"[771, 1531, 1531, 3189, 3760, 3836, 1475, 2595, 1531, 3591, 1531, 151, 1682, 1531, 3836, 1531, 4531, 4534, 3088, 3189, 899, 1531, 1786, 1, 2553, 771, 899, 1531, 2657, 1531, 3836, 277, 2657, 462, 142, 3836, 462, 1469, 3591, 2657, 2657]"
564,"[1213, 1213, 981, 1213, 226, 249, 1822, 4276, 3265, 1213, 439, 1757, 1158, 257, 226, 1213, 2552, 257, 952, 2144, 1213, 4801, 3265, 2331, 257, 3281, 3265, 257, 249, 257, 2552, 226, 257, 257, 226, 3864, 5079]"
565,"[1217, 1219, 2413, 2413, 3568, 3632, 1219, 3660, 3632, 2413, 3959, 102, 2440, 3632, 3959, 51, 406, 3632, 3959, 3520, 1996, 61, 2002, 2002, 3959, 3777, 3632, 4738, 3632, 2413, 1996, 2413, 4801, 3632, 3959, 3959, 2413, 3632, 2286, 3632, 598, 3959, 102, 3959, 1134, 61, 61]"
566,"[897, 1250, 1250, 324, 1250, 324, 1250, 2096, 2784, 2785, 1997, 1250, 2096, 2785, 2784, 2975, 1250, 2096, 2784, 2785, 1250, 2096, 3492, 2688, 36, 1250, 2096, 2785, 2784, 324, 2467, 1250, 2096, 1250, 3647, 324, 1631, 1250, 2096, 2785, 2784, 1250, 2096, 1250, 2096, 1250, 2096, 1250, 2096, 2785, 4067, 1760, 2785, 4173, 992, 1250, 2096, 1250, 2096, 2785, 2784, 1250, 2096, 2785, 992, 1250, 2096, 2784, 2785, 3024, 1250, 2096, 2785, 324, 1293, 2096, 1250, 3528, 1372, 324, 992, 1997, 1250, 2096, 2785, 2784, 1077, 1603, 3466, 1215, 1714, 3681, 1741, 1252, 2437, 1250, 2096, 2785, 1250, 2096, 2784, 2785, 992, 2096, 1250, 1123, 324, 2467, 992, 1250, 2096, 324, 992, 1250, 2096, 2784, 257, 2096, 1250, 2784, 2785, 992, 2096, 1250, 2785, 1997, 1250, 2096, 3061, 2048, 3469, 4067, 102, 1997, 1250, 2096, 4173, 4476, 2785, 324, 1250, 2096, 2785, 2784, 1250, 2096, 2785, 3528, 2869, 992, 1250, 2096, 1250, 2096, 2784, 2785, 598, 1250, 2096, 324, 2467, 2096, 1250, 2785, 36, 324, 1611, 363, 3346, 2437, 2699, 1250, 2096, 4067, 992, 1250, 2096, 324, 598, 2096, 1250, 598, 992, 2096, 1250, 1250, 2096, 992, 598, 1250, 2096, 2467, 992, 1250, 2096]"
567,"[1227, 1229, 1227, 1227, 1229, 1227, 1229, 1227, 1227, 1229, 1229, 1227, 1229, 1227, 1229, 1227, 1229, 1227, 1229, 1227, 1229, 1229, 2320, 1227, 1229, 1227, 1229, 1526, 1227, 1229, 1227, 1229, 1590, 1227, 1229, 1227, 1229, 1227, 1227, 1229, 1227, 1229, 1227, 1229, 1229, 1227, 1227, 1229, 1227, 1229, 1227, 1229, 1227, 1229, 1227, 1729, 1227, 1229, 1227, 1229, 1229, 1227, 1229, 1227, 1229, 3436, 1227, 1229, 1227, 1229, 1229, 2674, 3447, 1229, 1229, 226, 1229, 2856, 1229, 1227, 1229, 1227, 1229, 1590, 1229, 4151, 4222, 1227, 1229, 1227, 1229, 1227, 1229, 1227, 1227, 1229, 1229]"
568,"[61, 1464, 2088, 2088, 867, 2088, 2088, 2939, 493, 3679, 2088, 2334, 3777, 1456, 2764, 2088, 2088, 406, 2088, 4375, 1654, 2088, 4417, 4457, 1179, 2088, 4148, 1179, 2088, 1757, 4417, 2088, 2088, 3822, 3289, 2088, 2088, 1119, 2088, 2272, 2939, 3779, 1945, 245, 2210, 2489, 4417, 1307, 2652, 375, 1773, 3304, 3235, 3235, 435, 381, 3519, 3254, 364, 4269, 2939, 4417, 4417, 61]"
569,"[83, 1772, 1772, 1852, 83, 312, 1772, 442, 1772, 1852, 1852, 83, 312, 1772, 1772, 1852, 1705, 1772, 1772, 443, 442, 442, 427, 1772, 1852, 443, 1705, 1772, 1852, 442, 1772, 249, 3564, 1772, 1772, 3564, 312, 1772, 1772, 3564, 1772, 1705, 334, 1772, 443, 249, 249, 3564, 1900, 312, 443, 177, 889, 3694, 2237, 312, 1705, 1705, 2005, 1737, 3564, 1900, 2006, 443, 312, 1737, 3564, 1737, 1737, 4353, 1737, 1737, 4365, 1737, 1737, 2006, 1852, 2006, 1698, 4353, 1737, 1737, 827, 1737, 1737, 791, 1852, 3564, 4353, 2237, 443, 312, 1899, 1737, 3694, 442, 2234, 3564, 61, 61, 4353, 443, 2006, 616, 3564, 1737, 69, 3564, 1705, 1737, 3564, 616, 257, 2861, 616, 1852, 443, 1191, 1191, 4174, 616, 1737, 3564, 4353, 312, 1041, 312, 4353, 1852, 889, 4403, 1737, 1599, 4353, 3564, 3564, 61, 443, 4353, 83, 2306, 1698, 4403, 4324, 2861, 1900, 2500, 2500, 3564, 151, 791, 889, 4403, 503, 4403, 684, 1737, 1638, 4353, 1077, 4353, 4353, 337, 4441, 4441, 443, 3390, 3564, 777, 1705, 1724, 3491, 312, 249, 2828, 4324, 1724, 1737, 337, 1737, 3491, 312, 3212, 4254, 1387, 443, 3564, 2982, 1361, 1317, 249, 312, 3084, 3491, 3084, 312, 3491, 1724, 1737, 1724, 3564, 1737, 443, 1724, 61]"
570,"[1260, 2196, 2577, 335, 3202, 3599, 2196, 3, 2196, 28, 2537, 4164, 1260, 2196, 1188, 458, 3045, 1572, 20, 3599, 1260, 4554, 2196, 3223, 1638, 1998, 3329, 2682, 2196, 4554, 3681, 2577, 4164, 3329, 1391, 2196, 3238, 2196, 3232, 1701, 4164, 2196, 3599, 4554, 2196, 910, 910, 2856, 375, 2670, 1010]"
571,"[1263, 2033, 2033, 1263, 2033, 2033, 1263, 1263, 2033, 2033, 1263, 1263, 897, 2914, 1113, 2033, 1263, 1263, 1949, 4180, 881, 1263, 2033, 2033, 1263, 2033, 897, 709, 2033, 2033, 2807, 2033, 897, 2033, 2033, 1263, 2033, 2033, 1113, 1263, 1263, 2033, 2112, 943, 2033, 709, 4467, 2660, 2033, 1263, 2033, 2112, 897, 2033, 2033, 1263, 2033, 1263, 1263, 3863]"
572,"[1270, 791, 771, 1916, 2077, 2045, 910, 2497, 1270, 2497, 61, 771, 2702, 1916, 2077, 910, 910, 2497, 2077, 3888, 2077, 910, 2497, 2077, 910, 328, 1270, 3082, 910, 3888, 1381, 771, 3888, 3888, 3209, 1270, 1018, 2077, 2497, 910, 3925, 3888, 771, 3368, 2077, 1270, 2077, 910, 1270, 3888, 2077, 910, 1270, 83, 61, 3888, 175, 363, 3807, 910, 1270, 2077, 2077, 910, 870, 3888, 3222, 1270, 1727, 4597, 3848, 1285, 1381, 1727, 2077, 2077, 910, 2497, 2077, 910, 2497, 1285, 3295, 491, 3754, 1727, 2702, 2077, 910, 2077, 2497, 2077, 1678, 910, 910, 1727, 3754, 910, 363, 406, 1454, 2497, 3888, 410, 2077, 910, 1270, 324, 910, 2497, 910, 2856, 2077, 910, 1270, 2077, 3888, 1454, 3888, 3888, 4893, 4893, 3888, 2497, 2077, 910, 1727, 293, 1270, 2497, 1270]"
573,"[1271, 1725, 1271, 1943, 1943, 2485, 1271, 2968, 1943, 397, 1271, 3509, 3634, 1271, 1271, 3882, 1271, 406, 1271, 2968, 114, 1271, 3509, 3634, 3634, 2485, 4276, 2485, 1271, 3509, 114, 1271, 3509, 3634, 114, 1935, 1271, 3509, 2485, 3634, 1271, 551, 1725, 1709, 4456, 1271, 3634, 3509, 2485, 3509, 3827, 3634, 1935, 1271, 2485, 158, 3634, 1271, 3509, 4456, 3827, 2559, 4456, 1271, 3882, 4456, 2968, 3509, 2485, 406, 1271, 2485, 3509, 3509, 2485, 3509, 2485, 3509, 3298, 3509, 2485, 4456, 3634, 3827, 3298, 2485, 3509, 2485, 3509, 1271, 3634, 4456, 2997, 1271, 3298, 1271, 3509, 2485, 3634, 4456, 1271, 3509, 2485, 4456, 3634, 1271, 2968, 3509, 1271, 1271, 2846, 3298, 4456, 3634, 1271, 3298, 1271, 2968, 406, 406, 3509, 3634, 2436, 406, 2968, 1847, 3509, 4543, 175, 1632, 4094, 1824, 4094, 1807, 2485, 551, 1271, 3509, 2485, 1271, 2968, 406, 3509, 2485, 3509, 1271, 406, 3634, 4456, 1271, 3815, 1271, 3028, 4456, 1271, 2968, 406, 1271, 3634, 4456, 3509, 3634, 1271, 1271, 3509, 2485, 4456, 3634, 4456, 3634, 1271, 2968, 2485, 3509, 2227, 2227, 1271, 406, 1018, 1271, 1271]"
574,"[867, 1754, 867, 867, 1793, 867, 867, 151, 3695, 2153, 1498, 1475, 1356, 4113, 406, 3695, 3028, 2227, 3695, 3695, 2857, 1018, 2019, 3695, 2227, 2751, 3802, 4455, 4455, 3081, 61, 2240, 770, 772, 974, 4455, 4455, 1793, 2227, 3695, 4455, 4455, 1356, 1356, 3486, 1356, 3436, 1356, 1356, 3802, 3695, 1356, 974, 3731, 1356, 974, 974, 3731, 3879, 1356, 4113, 2751, 3695, 1356, 4113, 4113, 1356]"
575,"[1276, 1276, 23, 1276, 18, 2628, 1276, 2815, 23, 1276, 18, 3097, 3270, 1276, 1276, 23, 2199, 1276, 23, 1276, 897, 1276, 1276, 23, 20, 23, 1276, 23, 4242, 3681, 4242, 1276, 1276, 2513, 23, 1276, 1276, 4242, 3139, 1276, 1276, 3012, 4242, 1276, 1276, 4242, 23, 26, 1276, 1276, 777, 23, 1276, 474, 1276, 23, 1276, 1276, 4607, 1276, 1276, 897, 1276, 1276, 151, 1819, 1276, 1276, 2038, 1276, 1276, 3032, 1276, 1450, 1276, 1276, 2624, 1276, 1276, 4151, 1276, 2748, 897]"
576,"[1277, 1557, 76, 1629, 1885, 1925, 1885, 1277, 1885, 151, 151, 2728, 1277, 1671, 2117, 1277, 1133, 1277, 2897, 1277, 917, 1981, 1629, 1629, 1925, 324, 324, 1277, 1505, 76, 1885, 917, 1277, 76, 1668, 76, 1885, 3537, 1277, 1885, 1629, 1937, 2023, 917, 3777, 3144, 1629, 134, 1885, 61, 61, 1885, 76, 917, 1277, 1277, 1885, 324, 1196, 134, 1885, 1885, 406, 1885, 2652, 1627, 82, 1950, 1754, 2940, 1885, 1671, 1885, 1277, 1925, 1885, 1277, 1885, 1277, 1925, 1277, 1277, 917, 377, 1937, 2873, 1885, 134, 3981, 1885, 1277, 516, 1277, 3832, 1885, 1277, 324, 1659, 2728, 1629, 1277, 1885, 1885, 1277, 3232, 1885, 1885, 1277, 82, 1627, 1168, 1885, 2822, 4893, 5053]"
577,"[1279, 1280, 1279, 1280, 2110, 590, 1280, 1279, 1280, 1279, 1279, 1280, 1280, 1279, 1280, 1279, 1280, 1280, 1279, 1118, 1279, 1280, 1279, 1280, 1280, 1279, 1280, 1279, 1280, 3736, 1280, 1279, 1280, 1279, 2627, 1280, 1279, 1280, 1279, 1290, 1280, 1279, 1280, 2627, 4603, 1252, 4603, 3385, 4384, 1280, 858, 1280, 1279, 1279, 4801, 151, 1280, 3986, 1280, 1280, 1279, 1280, 410, 832, 4865]"
578,"[1281, 1611, 2317, 1839, 2513, 2268, 1839, 2452, 1198, 3666, 2410, 3780, 3844, 3871, 2517, 493, 3772, 3780, 4146, 3780, 324, 151, 4146, 4146, 4356, 3508, 3692, 4683, 1018, 2920, 2275, 494, 3848, 1670, 2694, 4805, 1762, 4182, 2556, 1839, 4146, 1990, 3655, 2275, 1839, 1737, 1951, 1198, 2762, 3830, 3848, 4226, 1281, 4146, 2410, 20, 3780, 493, 1611, 4893, 4893, 2694, 4775, 371, 4150]"
579,"[1285, 83, 363, 598, 102, 498, 1937, 1955, 561, 2036, 229, 151, 516, 1937, 1285, 1285, 516, 83, 83, 1285, 516, 516, 83, 2054, 83, 84, 151, 463, 256, 516, 1937, 1531, 516, 83, 1285, 516, 83, 516, 1285, 151, 1202, 1285, 516, 83, 516, 1531, 1531, 598, 598, 1504, 516, 598, 3562, 598, 3562, 61, 3104, 151, 1285, 516, 83, 516, 516, 83, 516, 2054, 598, 1531, 1531, 516, 2054, 83, 151, 463, 516, 516, 83, 516, 516, 3294, 3120, 363, 516, 516, 151, 516, 83, 516, 516, 1285, 83, 598, 3372, 61, 3104, 516, 2054, 516, 2054, 2054, 516, 83, 516, 83, 1285, 516, 83, 1285, 4064, 226]"
580,"[1294, 1513, 1294, 2191, 1294, 1294, 292, 1294, 883, 1294, 1294, 883, 1294, 1294, 2191, 1513, 1294, 903, 1294, 1294, 61, 61, 1294, 1294, 2191, 1294, 1294, 3088, 18, 1294, 1294, 1918, 1294, 887, 1294, 18, 1294, 1294, 889, 2703, 3748, 2131, 4198, 61, 777, 4064, 3020, 1513, 61, 151, 4064, 61, 1513, 3372, 889, 18, 84]"
581,"[171, 1313, 1313, 1949, 171, 1956, 1313, 2212, 171, 171, 1559, 1018, 2655, 2807, 2655, 1949, 273, 1949, 1949, 2202, 2655, 171, 171, 2807, 2655, 171, 2807, 565, 565, 1, 1550, 3081, 886, 4045, 1949, 3081, 2212, 2655, 1935, 1018, 3879, 171, 1559, 1018, 2163, 273, 3081, 171, 2163, 1559, 1170, 2655, 1313, 2655, 171, 2655, 2807, 565, 1465, 1313, 2153, 378, 324, 324, 35, 2655, 1949, 1949, 2655, 1949, 2958, 2153, 4530, 2212, 1018, 2655, 171, 2163, 1559, 3298, 3827, 2751, 565, 2807, 171, 2202, 1566, 2807, 2559, 2751, 565, 2720, 565, 2807, 171, 2807, 3298, 4423, 1559, 2163, 2655, 1949, 3298, 2958, 3298, 1949, 4468, 2202, 2655, 2936, 3879, 171, 2163, 2936, 171, 1949, 171, 171, 2655, 171, 1949, 2655, 2751, 3775, 565, 2655, 171, 2655, 2655, 2163, 1949, 1949, 171, 1559, 2751, 2768, 690, 2466, 690]"
582,"[1297, 1664, 1923, 1297, 1557, 2359, 1659, 2823, 1173, 1297, 1297, 2359, 1297, 3367, 1297, 1700, 1417, 3378, 763, 1923, 1297, 1297, 2840, 2340, 1297, 4065, 2359, 1544]"
583,"[1300, 572, 572, 3387, 3387, 572, 333, 357, 1300, 572, 1300, 1300, 3387, 572, 1300, 3387, 3387, 1300, 572, 572, 3387, 572, 1300, 1300, 572, 1300, 572, 572, 1300, 3387, 572, 1300, 572, 3387, 572, 572, 3387, 572, 1300, 238, 572, 572, 1300, 572, 572, 3387, 572, 572, 3387, 572, 572]"
584,"[1301, 2500, 1053, 3495, 1301, 1301, 226, 257, 1121, 911, 3100, 1237, 4050, 3278, 443, 1389, 1301, 1301, 1389, 324, 324, 2241, 1389, 2154, 2725, 257, 257, 226, 1301, 1301, 2154, 2725, 3274, 61, 2823, 1389, 3278, 2725, 4654, 324, 2293, 2725, 2241, 3278, 3278, 226, 176, 2047, 3931, 3084, 1829]"
585,"[1303, 1475, 38, 1303, 1475, 666, 666, 3842, 1545, 1303, 1303, 650, 1303, 666, 1303, 1570, 1659, 666, 1303, 245, 1303, 1303, 666, 1303, 666, 1303, 1303, 666, 1303, 650, 666, 2606, 1303, 195, 1303, 666, 1303, 1018, 1303, 1303, 2736, 1303, 666, 650, 1303, 1303, 650, 1475, 1303, 1303, 666, 1303, 650, 2892, 1303, 666, 1303, 666, 1303, 1303, 2881, 666, 1303, 1303, 3040, 406, 1303, 2039, 3679, 1303, 1303, 4143, 1303, 2826, 2826, 1303, 3217, 3217, 2057, 2968]"
586,"[1306, 2038, 441, 848, 2152, 2695, 441, 1077, 1557, 256, 3304, 821, 1306, 2152, 1534, 2695, 1306, 2739, 1306, 2152, 1988, 1306, 1711, 256, 1632, 821, 2152, 3698, 1306, 3954, 443, 1731, 1664, 2695, 3174, 85, 763, 3539, 2152, 1553, 4089, 1726, 1112, 1872, 2756, 669, 76, 134, 4667, 1075, 4676, 4667, 969, 4688, 441, 1075, 4667, 969, 2923, 370, 4667, 2790, 3084, 1664, 1530, 4667, 3254, 3446, 821, 1981, 4042, 3414, 2695, 1664, 2866, 1570, 3121, 288, 3286, 1898, 1075, 2430, 1784, 3291, 1711, 3098, 3246, 2695, 1700, 3308, 1173, 3143, 370, 129, 2171]"
587,"[1307, 1308, 1309, 80, 1044, 2056, 2068, 1156, 1561, 2068, 1015, 2874, 2068, 1156, 1561, 2874, 1561, 1156, 2068, 2056, 1044, 2056, 2068, 1156, 2068, 1561, 2056, 138, 1156, 2068, 1561, 2068, 1156, 1561, 1156, 1156, 1561, 1156, 2068, 324, 2068, 2056, 1156, 1873, 2068, 1156, 1561, 1156, 1156, 2068, 1156, 1156, 2068, 2068, 3451, 1561, 369, 598, 363, 2068, 1156, 1561, 1561, 1615, 2068, 1156, 1561, 2068, 2056, 1561, 1561, 2068, 1561, 3451, 2068, 2068, 1156, 1156, 1561, 2056, 2068, 1561, 1156, 2056, 2068, 3451, 2068, 1156, 1156, 3451, 2874, 2056, 2068, 1156, 1156, 2068, 1156, 1561, 1156, 1561, 2068, 1618, 1156, 2068, 3451, 1156, 2068, 1156, 2068, 1156, 1156, 2068, 3451, 2068, 1156, 1156, 2068, 2056, 2068, 1156, 207, 2068, 3451, 1561, 1156, 598, 534, 1156, 1156, 1561, 598, 1790, 1156, 1561, 1790, 1156, 2068, 1156, 442, 80, 1790, 1790, 1156]"
588,"[1311, 1461, 1461, 2017, 1018, 1461, 1311, 1311, 1461, 1311, 1461, 1311, 1311, 3822, 3223, 1311, 1311, 4148, 1311, 1311, 169, 2673, 3822, 1311, 1311, 1461, 1461, 1311, 1311, 1030, 1030, 1018, 2232, 20, 1311, 1311, 1461, 1311, 1311, 3827, 1311, 1475, 759, 1426, 759, 759, 1426, 759, 759, 1461, 759, 3295, 3855, 759, 759, 4754, 4893, 759, 759, 1461, 759, 3270, 4146, 2523]"
589,"[1315, 1315, 1649, 1315, 1315, 2352, 1315, 1315, 2536, 1315, 1315, 2536, 2298, 1381, 2676, 1315, 1315, 1464, 1315, 1315, 1632, 1528, 151, 1315, 1315, 3240, 1315, 1315, 102, 1315, 2820, 61, 1315, 3722, 1315, 3605, 1907, 2352, 1315, 1315, 175]"
590,"[1318, 324, 1318, 144, 2316, 1318, 3066, 1638, 1318, 2316, 2316, 1318, 1318, 26, 144, 3831, 2316, 1318, 2316, 1318, 406, 2316, 1318, 1318, 2316, 1318, 534, 1318, 1318, 144, 144, 1318, 2316, 1318, 611, 4060, 493, 3876, 3850, 324, 324, 2316, 442, 498, 102, 4765, 4765, 2512, 4765, 4765, 324, 4765, 4765, 324, 2190, 4765, 1318, 324, 324, 4765, 4765, 4182, 4765, 4765, 363, 324, 4765, 2483, 503, 144, 4765, 144, 4765, 4765, 324, 4557, 4765, 3585, 2316, 2860, 4765, 144, 324]"
591,"[1326, 215, 2674, 1326, 1701, 459, 2674, 2668, 3251, 459, 3406, 1326, 1749, 1326, 2427, 3599, 427, 1326, 2017, 459, 1326, 1326, 1475, 1326, 2674, 1326, 1921, 1326, 2483, 1094, 1326, 1326, 4242, 1326, 1039, 324, 324, 3599, 2230, 4221, 1326, 1326, 4221, 1166, 324, 459, 1326, 3419, 4242, 1326, 4100, 1326, 1326, 2815, 1326, 3406, 1326, 1012, 1326, 324, 1389, 2278, 1326, 1426, 459, 2427, 1326, 324, 1326, 3436, 1326, 4221, 2549, 1326, 1326, 2703, 1927, 1326, 459, 474, 1426, 3406, 3012, 1326, 1018, 1925, 1326, 617, 4299, 2232, 3243, 1426, 1326, 4221, 1326, 459, 2674, 2728, 782, 324, 1389, 1170, 1426, 1326]"
592,"[1334, 1334, 3879, 1797, 1334, 1334, 1114, 1334, 1334, 4467, 61, 1334, 1334, 61, 1334]"
593,"[406, 406, 1147, 1764, 3187, 2728, 2728, 883, 3151, 3262, 1764, 3741, 3289, 210, 1475, 3741, 3289, 1759, 4057, 1976, 1959, 4200, 4200, 456, 4200, 4200, 377, 4200, 1504, 4200, 4200, 1504, 4200, 3741, 1686, 1464, 2875, 1759, 406, 406, 3847, 61, 61, 3741, 3741, 406, 3224, 3262, 2524, 3741, 3741, 3136, 3741, 3741, 1313, 3741, 2481, 3741, 1729, 1147, 771, 3741, 3905, 1829, 3152, 3741]"
594,"[102, 1864, 1445, 574, 3338, 3068, 1012, 3595, 61, 1075, 2495, 2495, 3510, 1202, 3015, 3079, 2495, 2495, 3760, 406, 406, 2495, 2495, 3705, 2495, 3760, 1659, 4242, 61, 1378, 4700, 2495, 1378, 889, 2495, 1029, 4382, 2495, 61, 4801, 2495, 364, 3312, 2495, 61, 2495, 1734, 2495, 3207, 2495, 134, 3068, 2495, 1012, 2478, 1509, 3139, 2495, 3068, 1659, 1202, 2495, 1012, 3595, 1925, 4331, 2495, 2495, 2272, 1925, 82]"
595,"[1347, 1347, 1388, 2097, 516, 3591, 1733, 1347, 1388, 1347, 1347, 1388, 1347, 1347, 3843, 3591, 245, 2884, 1347, 1347, 324, 516, 1951, 1347, 1347, 245, 3014, 1646, 3014, 3014, 1926, 4189, 3705, 4433, 2288, 1530, 446, 4150, 245, 4150, 3787, 2817]"
596,"[1358, 1358, 516, 6, 516, 516, 257, 226, 1875, 1875, 1358, 1576, 1875, 1875, 226, 2862, 516, 363, 1358, 363, 3732, 363, 516, 558, 1358, 1875, 3732, 363, 1358, 1358, 516, 1555, 2997, 2998, 2712, 226, 1358, 1358, 516, 3732, 1358, 1358, 1796, 2652, 1875, 1358, 1358, 1959, 516, 1875, 1358, 1358, 884, 516, 1796, 516, 1358, 1358, 516, 1358, 226, 1030, 1358, 516, 516, 1632, 1875, 1010, 1358, 833, 1875, 516, 1358, 1358, 516, 558, 1358, 1959, 516, 1875, 333, 324, 617, 226, 558, 2777, 1358, 516, 516, 1358, 516, 1358, 1358, 516, 4910, 1358, 1320, 226, 558, 516, 324, 333, 82, 1358, 1358, 324, 1358, 2777, 558, 1358, 558, 1358, 516, 226]"
597,"[406, 406, 1362, 357, 2968, 406, 1381, 3122, 4262, 3120, 3742, 1362, 1170, 1638, 3740, 3824, 2875, 3847, 406, 406, 3847, 1589, 2001, 2049, 1903, 1475, 4805, 2844, 1475, 1688, 2683, 31, 406, 3329, 3519, 324, 84, 3847, 3070, 4414, 2645, 1576, 612]"
598,"[1360, 1983, 1600, 2257, 169, 1360, 2287, 129, 1360, 2287, 1983, 1360, 2287, 1219, 1360, 2287, 129, 3142, 1983, 169, 1360, 2257, 642, 1360, 169, 3644, 2848, 1360, 2293, 129, 1755, 1983, 1908, 1360, 2287, 2257, 169, 1755, 3994, 2287, 1360, 169, 2257, 1983, 2257, 169, 1360, 2287, 1512, 2257, 169, 129, 121, 169, 2848, 1360, 2287, 2488, 2257, 169, 2257, 169, 1360, 2287, 3994, 129, 2257, 148, 2287, 730, 730, 642, 169, 2257, 4396, 2848, 551, 642, 169, 2257, 4396, 1360, 642, 1983, 2257, 169, 1360, 2287, 911, 169, 1607, 3994, 148, 1983, 1716, 1812, 197, 1512, 3994, 1755, 1043, 2848, 1360, 129, 148, 1983, 4396, 169, 1360, 551, 1908, 642, 1360, 129, 169, 148, 1360, 1360, 1983, 4750, 642, 642, 1360, 148, 1983, 1983, 1219, 2848, 169, 2257, 1607, 129, 642, 1983, 169, 2257, 771, 1528, 1983, 1983, 2257, 642, 551, 1983, 1983, 642, 1908, 1983, 1983, 1024, 3792, 1983, 1908, 1983]"
599,"[1361, 1423, 1511, 337, 2129, 2434, 2129, 2129, 2870, 2975, 1887, 76, 1609, 1161, 3434, 3329, 1012, 1429, 2129, 3810, 707, 3810, 2129, 151, 4002, 2907, 2129, 406, 2907, 4276, 2916, 2129, 4179, 2907, 3810, 3329, 4457, 3377, 357, 2129, 102, 2626, 2129, 4242, 711, 3434, 337, 3434, 3434, 4700, 2488, 707, 3810, 3434, 3434, 4801, 3434, 3434, 4541, 2519, 3810, 3434, 3121, 3810, 1998, 3810, 2434, 644, 3810, 3434, 1685, 56, 3810, 4121, 3073, 3810, 4893, 4893, 4002, 5048, 3810]"
600,"[867, 2776, 2349, 1522, 1566, 3018, 1794, 1794, 1725, 1794, 1794, 2776, 2776, 1794, 1794, 2776, 1794, 2776, 2776, 1794, 2776, 2776, 1794, 1794, 2776, 1794, 1794, 2776, 1794, 2776, 2776, 1794, 2776, 1794, 2776, 2776, 2185, 1794, 2776, 2776, 1794, 1794, 4130, 908, 2816, 3106]"
601,"[1365, 1365, 2718, 2718, 1365, 3329, 1485, 1365, 2718, 1365, 1365, 2718, 1365, 1365, 2718, 1365, 1365, 3335, 4172, 1365, 4172, 1365, 1365, 2718, 4172, 1365, 1365, 4172, 1365, 1365, 4172, 2718, 4172, 4559, 2718, 4172, 4172, 2718, 2718, 337, 4172, 4172, 3329, 1365, 1365, 4172, 4172, 2718, 4172, 4172, 1365, 4172, 2718, 2718, 4172, 4172, 2718, 4172, 1365, 2718, 4172, 2718, 2718, 1365, 4172, 2718, 4172, 4172, 2718, 1365, 4172, 1365, 4172, 1485, 2718, 2718, 1365, 2718, 2718, 1365]"
602,"[536, 2081, 2095, 2081, 2081, 1420, 2081, 2095, 2081, 2081, 2095, 2081, 2081, 1950, 2081, 2095, 2095, 2081, 2095, 2081, 2081, 2095, 2081, 2081, 2095, 2081, 2081, 2095, 2095, 2081, 2095, 2095, 2081, 2095, 555, 793, 227, 227, 536, 2095, 2081, 2081, 238, 2081, 2081, 2095, 2081, 1015, 793, 333, 321, 793, 2081, 2081, 227, 793, 2081, 2081, 4473, 176, 4473, 4473, 455]"
603,"[1383, 93, 1589, 1898, 75, 2041, 883, 93, 3249, 1103, 3606, 3679, 3902, 288, 2495, 956, 3283, 4148, 288, 93, 76, 1196, 1119, 1656, 2038, 288, 93, 93, 1632, 1632, 2410, 1617, 1611, 288, 1075, 93, 277, 93, 1635, 956, 1196, 76, 956, 324, 2024, 1075, 288, 956, 93, 956, 3730, 956, 956, 1544, 956, 1119, 93, 977, 1988, 3248, 3312, 3248, 1951, 93, 1990, 3268, 3279, 4598, 4542, 4598, 134, 1075, 2536, 93, 93, 977, 2569, 4269, 371, 3248, 3038, 956, 1103, 93, 3077, 2765, 1173, 20, 4757, 93, 93, 288, 4191, 1734, 3698, 3774, 2829, 93, 669, 2443, 4120, 773, 3268, 3902, 3283, 1632, 1975]"
604,"[6, 1444, 1044, 2149, 1631, 1044, 2381, 1044, 2381, 2381, 1044, 2023, 2381, 1044, 2972, 1044, 2381, 1044, 2381, 1567, 950, 2381, 312, 2381, 1044, 2381, 1631, 2467, 2381, 1567, 1044, 2381, 2381, 1044, 2972, 1631, 2381, 1044, 3204, 2381, 2972, 2381, 2381, 1044, 1567, 2494, 2381, 3344, 1682, 4276, 1044, 1873, 2381, 1044, 2381, 3863, 1044, 2381, 1044, 1567, 2149, 2381, 2494, 3672, 2381, 1044, 1044, 1158, 2381, 61, 61]"
605,"[1391, 3262, 1526, 4110, 1777, 1504, 391, 102, 3446, 1, 2357, 4534, 4542, 2179, 249, 791, 4060, 4110, 3720, 1812, 1504, 516, 26, 4110, 3845, 1028, 4499, 3397, 4060, 1484, 4248, 4893, 4314, 2026, 151, 899]"
606,"[1394, 1906, 1864, 1906, 1906, 2482, 2812, 1394, 1394, 516, 3267, 249, 1906, 1906, 3652, 1394, 2812, 443, 1394, 2812, 365, 1906, 1394, 1906, 1394, 3871, 1906, 1906, 2812, 1394, 1394, 1906, 1394, 2812, 3928, 4253, 249, 1394, 2812, 249, 3667, 4253, 170, 1394, 2812, 3667, 4253, 249, 1394, 1394, 2572, 2812, 2067, 1394, 1906, 2812, 4253, 249, 170, 2812, 249, 4403, 170, 2812, 249, 3667, 4253, 170, 1394, 1906, 1394, 1906, 1759, 1394, 2812, 3660, 3549, 1394, 2812, 3660, 2293, 1042, 1042, 1906, 2812, 2482, 4589, 3436, 2812, 36, 2812, 2242, 1394, 1906, 1610, 1394, 1906, 1394, 2812, 3667, 4253, 1906, 1394, 4669, 1906, 1599, 3246, 2812, 4253, 249, 170, 1394, 4659, 1906, 2812, 249, 3667, 1394, 363, 337, 2742, 1394, 1906, 170, 1394, 1394, 1906, 1394, 1906, 2463, 3002, 36, 1873, 1394, 1906, 4801, 1906, 1906, 3436, 504, 1394, 2812, 23, 443, 249, 1906, 1394, 61, 2242, 2975, 1394, 363, 516, 1906, 1394, 1394, 1906, 992, 1638, 249, 170, 1906, 1906, 365, 3246, 1207, 3052, 3811, 1394, 2921, 2812, 1906, 1394, 1394, 3342, 1820, 4893, 1394, 2482, 1394, 1906, 1394, 4314, 1906, 4669, 5053, 249, 1685, 5019, 95, 1252, 1906, 1394, 1906, 104, 2240, 2242, 1685, 516, 2242, 2467, 2149, 1394, 2293, 1042, 959, 2242, 1207, 1906]"
607,"[1399, 1399, 2193, 2969, 2417, 3034, 3314, 2969, 2969, 1399, 2969, 1399, 1399, 3842, 1399, 2730, 4238, 1399, 2542, 2980, 333, 2730, 2730, 3034, 2959, 2730, 1399, 2969, 2559, 179, 2969, 4802, 2969, 1399, 4443, 324, 617, 617, 4200, 1611, 2730, 321, 333, 2969, 3870, 1714, 1399, 2969, 4289, 3467, 4289, 1306, 2730, 2730, 2051, 4893, 2417, 1399, 4289, 2969, 3034, 1027, 2969, 129]"
608,"[324, 2275, 1466, 3183, 3260, 3312, 62, 1555, 1750, 3590, 3136, 3790, 324, 1611, 1555, 1466, 364, 3260, 2275, 334, 3260, 3136, 2275, 375, 349, 443, 3260, 3312, 3136, 2275, 1759, 3848, 4182, 324, 128, 3260, 3312, 2275, 617, 2275, 1252, 4137, 2275, 3260, 4146, 3780, 324, 4946, 3078, 4946, 2275, 4946]"
609,"[1403, 2389, 1403, 3209, 979, 2389, 2389, 3789, 3528, 1644, 2389, 3789, 1644, 2001, 3789, 1181, 1659, 1644, 3789, 3789, 1644, 2389, 3789, 1644, 1075, 1558, 2357, 3597, 1644, 2389, 1644, 1644, 2389, 1644, 2389, 1403, 1644, 2389, 1403, 1644, 1644, 2389, 3789, 1403, 1644, 1644, 2389, 1403, 1644, 2389, 1644, 1285, 2389, 3789, 1644, 2389, 1403, 1644, 1644, 102, 1644, 1112, 151, 889, 1644, 3528, 142, 1632, 3789, 1644, 2389, 1403, 2389, 1403, 1644, 1644, 3000, 3789, 1685, 1451, 1632, 3789, 1644, 2389, 1567, 151, 1528, 151, 210, 1644, 2389, 1644, 2389, 1528, 2357, 3092, 2381, 151, 1403, 3789, 1644, 463, 2357, 1644, 2389, 151, 1644, 3092, 1644, 2389, 1362, 3789, 1644, 3789, 1644, 2389, 1644, 1644, 2389, 2723, 3789, 1644, 1327, 1644, 2389, 4393, 1327, 1644, 3789, 2389, 1075, 1644, 1644, 2389, 3789, 1644, 1285, 2389, 2425, 4597, 1644, 1644, 3789, 1403, 1403, 3717, 1325, 188, 2623, 1034, 3528, 2389, 1644, 3789, 1644, 83, 3789, 2389, 2389, 1644, 1644, 2357, 1644, 2389, 1152, 3789, 3789, 1644, 3092, 1644, 3789, 1644, 4597, 1454, 1325, 3789, 2723, 3789, 1644]"
610,"[1410, 1412, 1519, 1410, 1412, 2358, 1519, 2583, 1410, 1412, 2358, 1519, 2358, 1410, 2358, 3543, 1519, 1519, 3543, 1519, 2358, 176, 2358, 418, 3543, 1410, 2358, 1412, 2358, 1410, 1519, 1410, 2568, 4290, 1519, 1410, 2358, 3543, 1183, 1519, 1410, 2358, 1519, 1412, 1410, 1519, 3543, 1519, 176, 1519, 1410, 2358, 176, 2358, 1410, 1412, 2358, 1519, 1410, 1412, 1410, 1412, 1519, 2358, 1412, 1410, 1410, 1527, 1410, 2358, 2358, 1412, 1519, 1412, 2239, 1519, 1519, 1410, 2358, 1412, 1410, 4374, 1410, 1519, 1410, 1412, 1410, 1519, 3543, 2358, 1412, 1519, 1410, 2358, 1412]"
611,"[1411, 169, 1411, 1411, 4344, 1411, 1411, 4344, 1411, 1411, 4344, 1411, 4344, 1411, 1411, 4344, 1411, 4344, 4344, 1411, 4344, 1411, 1411, 4344, 1411, 1411, 4344, 1411, 3551, 1411, 4344, 4893, 3819, 1411]"
612,"[1415, 2063, 2069, 2970, 2042, 2042, 324, 3205, 2668, 2042, 2063, 2146, 2970, 2063, 1415, 1415, 3597, 3285, 2069, 2069, 2063, 2069, 325, 325, 380, 2970, 2063, 2069, 2970, 2042, 2063, 2063, 2069, 1639, 2042, 2970, 2063, 3555, 2069, 2069, 2970, 325, 2063, 3555, 2042, 2063, 3555, 4082, 2063, 2069, 2042, 2970, 3597, 2063, 2970, 1398, 2970, 2970, 2063, 2063]"
613,"[1417, 102, 102, 2213, 2403, 2427, 2489, 2624, 2712, 1129, 1292, 2384, 2403, 1612, 3563, 76, 1417, 1417, 2403, 2427, 2403, 1018, 2149, 2403, 1355, 1612, 2624, 102, 2403, 2384, 1555, 2403, 2624, 324, 1632, 2457, 2624, 102, 324, 2403, 1570, 3563, 1426, 146, 1916, 324, 324, 2403, 2384, 1417, 443, 1417, 377, 1417, 2695, 3973, 2403, 26, 61, 26, 1667, 2673, 91, 1916, 2829, 2305]"
614,"[1418, 1860, 1994, 1418, 1994, 1860, 1994, 1994, 1418, 1994, 1994, 1418, 1994, 1860, 1994, 2379, 1994, 1994, 1418, 1994, 1994, 2379, 1994, 2379, 1994, 179, 1994, 1418, 2379, 1860, 1994, 1418, 1994, 1418, 1994, 1860, 1860, 1418, 1994, 1994, 1860, 1994, 1994]"
615,"[1424, 1425, 1424, 1425, 1424, 324, 2340, 1424, 1424, 1576, 3690, 1424, 341, 4358, 1425, 1661, 406, 1425, 1424, 1425, 1425, 3699, 406, 1424, 2583, 1504, 4137, 897, 324, 324, 141, 1018, 4832, 1424, 4832, 1424, 1424, 1425, 4269, 378, 1425, 1425, 4832]"
616,"[1426, 318, 2449, 1872, 2912, 1734, 76, 3231, 2449, 1426, 318, 1426, 1557, 318, 1397, 26, 2716, 2171, 2859, 318, 76, 318, 2859, 76, 2512, 318, 1747, 318, 1747, 3213, 318, 1872, 318, 3676, 406, 3266, 23, 2110, 3266, 2708, 31, 3041, 2449, 337, 4008, 2645, 4168, 1426, 1051, 1147, 2266, 908, 1104, 2595]"
617,"[1428, 1428, 1595, 3345, 3493, 2595, 1718, 3857, 702, 2495, 2595, 3493, 2495, 1161, 4123, 1428, 2495, 1355, 1638, 3336, 3235, 1955, 1632, 1576, 1614, 337, 3493, 23, 2512, 151, 2495, 151, 2500, 1219, 2626, 23, 1428, 761, 3493, 2772, 761, 4062, 761, 1428, 23, 2513, 1456, 2513, 3977, 1851, 2939, 2331, 1729, 1428, 1428, 2572]"
618,"[1434, 2119, 1608, 3518, 4725, 1434, 4725, 2943, 2551, 4777, 1688, 4777, 4725, 4725, 1434, 4777, 4777, 2943, 4777, 4725, 4777, 4777, 2304, 1434, 4777, 324, 4777, 1917, 4777, 4725, 3518, 364, 1917, 1434, 2943, 4725, 4777, 1434, 4777, 1434, 4777, 4725, 2188, 4777, 4725, 2188, 4725, 4777, 4725, 4777, 4777, 2943, 4777, 4725, 4725, 3822, 4725]"
619,"[1435, 337, 1609, 1717, 1892, 337, 337, 1381, 1749, 1717, 337, 3830, 580, 3864, 3864, 1892, 1157, 1892, 1892, 4289, 1563, 3466, 1892, 1892, 369, 1892, 616, 616, 1892, 1892, 61, 1892, 1892, 1880, 2171, 616, 1892, 1892, 3294, 1563, 1217, 4815, 580, 4815, 1157, 4815, 4815, 1914, 1670, 1729, 3123, 4815, 4815, 1020, 4815, 4913, 4815, 1537, 4155, 324, 2979, 4815, 1325, 62, 3150, 1614, 4815, 406, 2979]"
620,"[899, 1454, 2683, 406, 2452, 20, 250, 1792, 3694, 4094, 1454, 456, 899, 771, 2407, 20, 151, 1464, 507, 3289, 3822, 766, 2683, 1602, 1671, 1617, 3343, 507, 3270, 3032, 3122, 899, 617, 62, 4150, 61, 3006, 899, 1018, 4192, 2477, 4100, 250, 1792, 3209, 2553, 771, 3694, 1168, 3209, 406, 1617, 507, 363, 1791, 2195, 403, 337, 3843, 3189, 516, 3291, 1464, 3348, 5078]"
621,"[1452, 1993, 1998, 1452, 233, 3302, 352, 3884, 3884, 1993, 1452, 4198, 4198, 3759, 4198, 1993, 1600, 3657, 4198, 456, 1993, 4198, 1993, 1638, 2067, 1993, 4198, 4460, 4198, 1993, 3760, 3657, 491, 771, 1452, 1993, 4198, 4198, 1993, 82, 4198, 4198, 1993, 4125, 1993, 1638, 2439, 1993, 4441, 4198, 3074, 3733, 1993, 4329, 3211, 1993, 3759, 1993, 1993, 1452, 2923, 1993, 1993, 1452, 1993, 1452, 3759, 4870, 4198, 1993, 82, 1993, 4198, 1452, 2319, 4198, 249, 3945, 3945, 1638, 352, 1325]"
622,"[1457, 975, 1179, 1590, 1457, 1457, 2532, 2533, 1457, 2813, 978, 1048, 2669, 1104, 2532, 978, 1048, 1457, 3170, 85, 2532, 1457, 1530, 1457, 2813, 975, 1570, 2813, 2813, 978, 1048, 2551, 2533, 1457, 3626, 1048, 1530, 249, 1457, 978, 1048, 2533, 3626, 1457, 1457, 2813, 978, 3626, 1457, 2533, 2532, 975, 2813, 85, 978, 1048, 1927, 3343, 378, 978, 1988, 1048, 3466, 978, 978, 1048, 4319, 3626, 1457, 2813, 978, 1048, 3211, 978, 1048, 2533, 3626, 1457, 1750, 2813, 1048, 978, 1457, 1123, 2532, 1457, 2517, 1457, 975, 3790, 2565, 1179, 1925, 3626, 1457, 3326, 2357, 2813, 1457, 2813, 1457, 3626, 2813, 1998, 4523, 978, 1048, 210, 2245, 1457, 3626, 3981, 2532, 2532, 2533, 1457, 1457, 3626, 2813, 1659, 2532, 2533, 1457, 2813, 2972, 2939, 1761, 1457, 817, 253, 3798, 2813, 1750, 2533, 3626, 1457, 2038, 3436, 3790, 2212, 4196, 2532, 2533, 3626, 2245, 3626, 2532, 249, 1707, 1918, 2556, 3183, 1761, 525, 1457, 3626, 3626, 2532, 2533, 1457, 1578, 1750, 1988, 4028, 1750, 2245, 3981, 3626, 1457, 1457, 3626, 1457, 3183, 2551, 1761, 4417, 3133, 85, 1048, 1457, 3200, 1457, 1951, 1381, 2828, 1787, 2245, 3626, 1457, 2533, 1457, 2532, 3144, 2533, 1457, 2245, 3626, 1457, 3144, 1761, 2501, 2410, 1457, 1544, 3183]"
623,"[1458, 366, 2049, 2939, 335, 441, 1786, 1458, 82, 1458, 2968, 1458, 1967, 1458, 3294, 3265, 1458, 383, 4191, 1458, 1458, 2939, 1458, 3377, 406, 372, 1458, 4383, 3308, 1458, 2022, 406, 406, 3366, 2022, 1458, 335, 1458, 1458, 2022, 1458, 3366, 1458, 2022, 4191, 1659, 1458, 1458, 2022, 2171, 2022, 2022, 1458, 1458, 383, 1458, 1458, 3308, 1458, 1458]"
624,"[1462, 1463, 2529, 2529, 3005, 3005, 3413, 2529, 3005, 3005, 2529, 3005, 2529, 3005, 4240, 3005, 3005, 1161, 4240, 2529, 3005, 2529, 3005, 3005, 4240, 807, 463, 3005, 1462, 3005, 3005, 1632, 175, 3005, 4240, 2529, 4240, 3005, 4240, 3005, 4240, 2529, 3005, 4240, 1463, 711, 3005, 2417, 2529, 2856, 2529, 2153, 2529, 3005, 4516, 2529, 69, 2529, 3390, 3005, 2742, 4240, 3005, 2529, 4211, 2529, 2529, 2513, 4240, 3005, 2529, 2529, 3005, 3005, 2529, 3005, 3005, 4240, 4098, 3390, 4240, 4957, 3005, 2529, 4240, 4957, 1325, 2529, 4957, 3005, 3390, 2529, 4957, 2529, 4957, 4957, 2529, 2529, 3390, 1462, 2529, 4957, 2529, 4957, 4957, 3005, 4957, 1463, 3005, 83, 4957, 83, 3005, 2529]"
625,"[1366, 2416, 2416, 2692, 2416, 1366, 3174, 812, 2416, 2416, 1366, 2416, 2416, 1366, 2692, 2416, 200, 2416, 2416, 1366, 3493, 2416, 2416, 48, 285, 2416, 2416, 4422, 2416, 2416, 3281, 285, 4557, 1161, 4557]"
626,"[1465, 59, 2000, 2308, 2000, 3021, 3022, 3022, 2293, 1219, 2626, 2000, 3021, 2343, 2000, 2000, 3021, 2968, 2968, 406, 2000, 2343, 43, 3254, 3207, 739, 1678, 2000, 2000, 3022, 3021, 3021, 3022, 2000, 3022, 1202, 2668, 151, 2213, 2213, 2000, 3022, 2000, 2000, 3022, 3377]"
627,"[1467, 1006, 1633, 1467, 1006, 2345, 1467, 1467, 1006, 2345, 1633, 2345, 1633, 1467, 2345, 1633, 1467, 1006, 2345, 1633, 1467, 3871, 3871, 1633, 179, 179, 1467, 1633, 1467, 2451, 1580, 4255, 598, 598, 1467, 1006, 2345, 1633, 1467, 2345, 1633, 3071, 2345, 1633, 2242, 1006, 1633, 1467, 2345, 1006, 1633, 3218, 1104, 1467, 1006, 2345, 1633, 2345, 1633, 427, 1633, 3817, 4598, 4542, 4542, 4598, 1467, 2345, 1633, 1467, 1006, 1633, 1467, 598, 1633, 1633, 1580, 1467, 2345, 1633, 1633, 1467, 2345, 1633, 1580, 2345, 598, 1006, 2345, 1633, 1467, 2345, 1577, 1312, 1312]"
628,"[256, 324, 2607, 2298, 1582, 3223, 76, 3068, 2927, 3619, 1464, 1434, 1464, 364, 2815, 2607, 59, 3243, 4086, 2354, 134, 2607, 4242, 4276, 2477, 2927, 3312, 2926, 337, 2858, 3043, 2865, 1434, 1959, 324, 4242, 256, 2844, 26, 4242, 4523, 4589, 3772, 2607, 18, 2716, 771, 2607, 1982, 4805, 2953, 353, 3578, 2700, 1887, 43, 1988, 559, 3847, 324, 1434, 4382, 3325, 324, 2232]"
629,"[1473, 1474, 1482, 1481, 1381, 1541, 1601, 1625, 1664, 369, 1705, 1856, 1855, 1858, 1857, 1893, 1940, 1952, 1967, 76, 1729, 1075, 1988, 1856, 1858, 1855, 2830, 2831, 1473, 2744, 2834, 2844, 516, 2853, 241, 2525, 2882, 62, 1530, 3053, 1856, 1857, 1473, 2831, 3186, 1482, 1214, 3140, 3248, 1204, 1753, 3264, 3271, 1540, 1473, 2831, 2830, 1951, 1902, 3335, 3336, 2237, 3074, 1856, 1857, 1855, 1858, 1857, 1855, 3525, 257, 257, 356, 3534, 3552, 4080, 1855, 1857, 2831, 2830, 1474, 3244, 1856, 4080, 1857, 1855, 1856, 1855, 1473, 2831, 1474, 2830, 1481, 3186, 4142, 1856, 1857, 4080, 1858, 1855, 1856, 4279, 1566, 169, 1856, 1857, 1855, 4080, 3534, 4080, 1857, 1856, 1857, 1855, 4080, 1856, 1858, 1855, 1856, 1857, 2830, 2831, 1473, 4441, 1481, 1857, 1855, 1856, 4454, 1856, 1855, 1857, 1858, 1857, 1856, 1855, 4454, 1858, 4498, 2067, 812, 1474, 1482, 257, 3186, 1481, 1482, 1614, 3336, 1737, 3195, 241, 3056, 2525, 2882, 1856, 1857, 1855, 4080, 1857, 1856, 1855, 4454, 1473, 2831, 2901, 2692, 3449, 1797, 1740, 175, 3404, 4080, 1855, 1856, 1857, 2831, 1473, 1474, 2830, 1625, 1541, 1077, 3877, 84, 1191, 366, 1858, 4080, 1857, 1856, 1856, 1857, 1858, 4080, 2830, 4637, 1481, 3186, 257, 312, 998, 2744, 2834, 205, 4426, 3693, 4233, 3740, 4142, 257, 1856, 1857, 1855, 4454, 1123, 4354, 1473, 2831, 2830, 1474, 1899, 3257, 3257, 1856, 1857, 1855, 1858, 1076, 3195, 3308, 458, 1769, 1481, 1752, 2831, 2830, 1473, 4742, 257, 723, 3406, 4242, 1224, 1482, 1481, 3186, 257, 1577, 1856, 1855, 4454, 1857, 1858, 4080, 4498, 1858, 4498, 1857, 377, 4795, 2747, 4383, 1473, 2831, 4813, 4742, 2830, 1473, 4742, 4637, 257, 1075, 4817, 4233, 1855, 1858, 1857, 1856, 2026, 4742, 1473, 4637, 4813, 1856, 1857, 1858, 463, 151, 3877, 1191, 1077, 3213, 4255, 3243, 2985, 1857, 4498, 4454, 4839, 4839, 1855, 1856, 4529, 3071, 2700, 2462, 3218, 1752, 580, 3240, 1857, 1855, 1858, 4080, 257, 102, 4463, 1391, 2876, 1613, 2164, 3048, 2232, 2831, 1473, 4742, 4637, 4813, 1474, 2831, 3350, 1856, 4498, 1857, 4454, 4839, 3053, 4454, 3525, 4498, 1855, 1857, 4839, 2037, 845, 1112, 1382, 1572, 2866, 4089, 4611, 3656, 2474, 4463, 3605, 2816, 3350, 257, 1857, 1856, 1858, 2830, 1474, 257, 1729, 1473, 1474, 1482, 3186, 2536, 1857, 4454, 3525, 1473, 4529, 2830, 4813, 2834, 3257, 1899, 1901, 4062, 2899, 61, 3308, 1855, 1857, 3525, 4529, 3120, 3413, 4454, 4498, 1856, 2744, 366, 2830, 4742, 2831, 1473, 950, 2626, 3208, 3308, 1481, 3186, 812, 229, 4529, 2853, 3053, 1481, 793, 4255, 2830, 2831, 1474, 1191, 84, 458]"
630,"[1479, 1438, 1478, 1478, 1479, 1478, 1478, 1479, 1478, 1479, 1438, 897, 394, 394, 1465, 1478, 1479, 1478, 2802, 1478, 1479, 1478, 1479, 1479, 1478, 2802, 1478, 1479, 1479, 1478, 1479, 1438, 1478, 1479, 1478, 1478, 1479, 1478, 1479, 2802, 1478, 1479, 1479, 2802, 1479, 1478, 1479, 2802, 310, 1478, 1478, 1479, 2802, 1479, 1478, 1479, 1479, 1478, 1479, 1478, 1438, 1479, 1478, 1479, 1479, 1478, 1478, 1479, 2802, 1479, 1478, 1479, 1478, 2802, 1478, 1478, 1479, 1479, 2802, 1478, 2802, 1479, 1478, 1438, 2802, 1479, 1478, 1479, 1478, 1479, 1478, 1479, 1438, 2802, 2802, 1478, 1478, 1479, 1478, 1479, 2802, 1478, 1479, 1478, 2802, 1479, 1478, 2802, 1478, 1479, 1438, 2802, 1478, 1479, 1478, 1478, 1479, 1478, 1478, 1479, 1438, 1479, 1478, 1479, 1478, 1478, 1479, 2802, 1478, 1479, 1478, 2802, 1478, 1479, 2802, 1478, 1479, 1478, 2802, 1478, 1479, 2802, 1479, 1478, 1478, 1438, 1479, 1479, 2802, 1478, 1479, 1478, 1479, 2802, 1479, 1479, 1478, 1478, 1479, 2802, 1478, 1479, 1479, 1478, 1479, 1478, 1478, 1479, 1478, 1479, 1438, 1438, 1479, 1325]"
631,"[226, 3359, 3892, 129, 2003, 4568, 1475, 1576, 4568, 3359, 2467, 1156, 3516, 702, 102, 1930, 1381, 1344, 2618, 4386, 1219, 1317, 3207, 2199, 1475, 226, 1645, 1943, 3252, 3516, 2199, 3516, 4568, 3910, 3099, 1363, 1930, 4568, 3664, 102, 102, 2003, 702, 2003, 3516, 4568, 226, 3683, 3516, 249, 690, 690, 3516, 1001]"
632,"[82, 1809, 1753, 2047, 2298, 1873, 2975, 1900, 36, 3897, 3144, 1488, 2481, 3088, 1900, 1632, 4221, 3611, 1809, 3812, 1631, 1665, 1576, 3897, 2626, 3141, 175, 3611, 2659, 1753, 4403, 2047, 3611, 3977, 1075, 1488, 2298, 3990, 3897, 3477, 333, 82, 1950, 82, 3990, 4543, 2298, 3345, 1998, 2324, 614, 1213, 3990, 3990, 3897, 1950, 82, 2921, 4543, 2908, 4303, 2489, 1458, 2321, 473, 5041, 1713, 3068, 128, 385, 1458, 1292, 3970, 3972, 3897, 2895, 1707, 3793]"
633,"[1502, 845, 1204, 3735, 1771, 3845, 2883, 2862, 3830, 287, 845, 3830, 3830, 2613, 1670, 1786, 4242, 2152, 287, 2883, 474, 4382, 2525, 2883, 3283, 3735, 2883, 287, 1544, 4089, 2152, 1029, 2152, 831, 2613, 3735, 2762, 436, 1977, 3735, 4422, 3974, 287, 1977, 3068, 1029, 4134, 2549, 3015, 2152, 2762, 3319, 1553, 2028, 845, 3249]"
634,"[1503, 1503, 1957, 2911, 2962, 3168, 2911, 2911, 2962, 3168, 3882, 3168, 4020, 1205, 2911, 4238, 3168, 4276, 1957, 4020, 2911, 2962, 2962, 3882, 1957, 219, 1405, 2962, 78, 4020, 2962, 1957, 2677, 836, 2911, 2962, 1503, 2962, 2911, 1957, 1503, 3168, 1018, 1503, 3168, 2911, 2962, 1503, 2911, 1503, 2358, 1503, 2911, 1503, 1503, 61, 1205, 3168, 2962, 2911, 2962, 5079, 5079]"
635,"[1505, 84, 76, 1726, 2301, 2199, 1075, 1196, 76, 2694, 3446, 2626, 3024, 2659, 1466, 1521, 3024, 4356, 2324, 3099, 76, 4463, 1737, 334, 4520, 4507, 4242, 3678, 3678, 2953, 4050, 2199, 3322, 3177, 1292, 4700, 3850, 3760, 3850, 2916, 1081, 4405, 3267, 3073, 443, 3447, 574, 2540, 2540, 128]"
636,"[1507, 1506, 1672, 1673, 2300, 2300, 1673, 1672, 1672, 2636, 2300, 1673, 1672, 2300, 1672, 1673, 2300, 2300, 1672, 1673, 1672, 1673, 1672, 2300, 1672, 1672, 1673, 1672, 1672, 1673, 2654, 1672, 1673, 1672, 1672, 1673, 1672, 3584, 12, 1672, 1673, 1673, 3758, 1672, 1673, 3758, 3758, 1673, 1673, 3758, 2717, 4050]"
637,"[1508, 1087, 1677, 1508, 1722, 2511, 2975, 1508, 4952, 1508, 1508, 1722, 4952, 1508, 5073, 3733, 5073, 4952, 1722, 1508, 1722, 5073, 5079]"
638,"[36, 1567, 1607, 1864, 1866, 2187, 227, 321, 527, 1866, 2796, 3379, 1866, 2149, 1866, 2121, 1567, 1743, 422, 3466, 2913, 1866, 684, 226, 227, 1866, 1961, 227, 226, 2652, 549, 2925, 1925, 2217, 3320, 1563, 226, 56, 3528, 321, 527, 1866, 1866, 2121, 4744, 2796, 36, 1866, 4744, 2796, 1381, 406, 4740, 3699, 406, 2998, 4613, 3936, 213, 104, 4744, 3638, 3528, 227, 321, 527, 257, 3638, 4744, 2796, 1015, 227, 527, 257, 1866, 2796, 1703, 337, 1567, 321, 2796, 1269, 3638, 229, 3397, 2892, 1269, 3436, 23, 2690, 3371, 2913, 1157, 3864, 226, 3638, 527, 138, 1866, 36, 1705, 1567, 4476, 1866, 3638, 4744, 4744, 1015, 3412, 3638, 2796, 4744, 199, 527, 4744, 1866, 2796, 443, 4010, 213, 1866, 2796, 4744, 2796, 4744, 1269, 4744, 2688, 1703, 1567, 36, 3638, 4744, 2796, 1866, 257, 1567, 36, 2091, 5048, 4744, 5053, 2796, 1866, 3412, 2796, 36, 1705, 4744, 684, 2892, 1866, 2467, 3451, 226, 4744, 2796, 227, 2467, 3412, 3273, 36]"
639,"[1511, 1864, 2171, 2818, 1700, 2956, 812, 3242, 2822, 2822, 2818, 1214, 3606, 1505, 383, 2873, 1511, 2818, 1511, 4276, 337, 4534, 4149, 3232, 1979, 1173, 3312, 1617, 3013, 2818, 2818, 2525, 1165, 2818, 1762, 1638, 1511, 3043, 4225, 406, 2818, 3605, 61]"
640,"[1532, 1584, 1709, 1877, 2170, 2217, 1532, 1584, 867, 200, 1584, 1522, 1693, 1532, 3064, 295, 1532, 3171, 3203, 1363, 1532, 1877, 1532, 1532, 3171, 3203, 1532, 3542, 3203, 1532, 3542, 1386, 357, 1532, 3720, 3171, 3203, 1877, 1363, 1363, 1532, 1532, 3203, 1877, 3542, 1532, 3542, 1532, 1709, 3203, 2227, 551, 1390, 1363, 1386, 3098, 537, 908, 1877, 1877, 3542, 1877, 1532, 3542, 1363, 1363, 3542, 1532, 1363, 3542, 2227, 1709, 3171, 3206, 1709, 4299, 3203, 3171, 1584, 3420, 2995, 3542, 2758, 170, 2995, 31, 31, 1532, 1532, 3203, 1532, 1532, 1877, 1877, 1532, 1293, 2292, 324, 1293, 324, 1584, 1390, 1877, 1532, 1584, 1725, 1532, 3811, 1522, 1532, 3720, 1532, 1877, 1363, 3542, 3171, 1363, 1584, 1532, 3542, 1584, 1532, 3203, 3542, 1532, 1532, 1709, 2227, 3112, 1390, 1532, 3203, 3420, 2995, 2995, 551, 1584, 3420, 2995, 4365, 3420, 1725, 1532, 1877, 1584, 406, 406, 1877, 3203, 2227, 406, 1877, 1532, 1584, 1532, 3171, 1877, 61, 1584, 1532, 617, 1532, 1584, 3550, 3203, 3171, 1877, 1584, 455, 1877, 3420, 2995, 3420, 2995, 3171, 1532, 61, 3550, 1532, 1877, 1532, 1532, 3720, 1584, 3420, 3420, 3542, 3203, 2227, 1725, 1584, 1877, 406, 2602, 1584, 1877, 3720, 31, 1532, 2995, 1532]"
641,"[1534, 3, 3511, 3032, 817, 3, 3, 1964, 908, 3511, 3377, 4349, 3511, 2513, 494, 908, 3656, 1887, 4401, 3511, 4092, 134, 3760, 3079, 3832, 3342, 3, 3511, 3218, 1807, 831, 3511, 256, 1490, 517, 1534, 3590, 3511, 1534, 1918, 2217, 541, 1012, 1534, 4401, 1534, 4089, 3511, 2617, 1534, 1534, 4893, 2687, 1534]"
642,"[410, 1526, 1913, 2331, 372, 1553, 3482, 3207, 4099, 370, 1526, 3482, 3343, 1526, 1504, 3254, 226, 458, 3774, 1779, 2630, 4973, 4973, 3859, 4973, 2955, 4106, 4973, 4152, 3859, 4407, 2955, 4893, 4973, 2331, 4973, 3859, 2955, 4973, 3859, 2331, 4973, 4973, 1154]"
643,"[1477, 1660, 1690, 1660, 1660, 2146, 2240, 1660, 1660, 1690, 2042, 1660, 1660, 2042, 2146, 1660, 1660, 2042, 1660, 2042, 2042, 2146, 4230, 2146, 4230, 4230, 1660, 4230, 1660, 2568, 1087, 1087, 1590, 363, 4230, 4230, 2042, 4230, 4230, 2042, 363, 516, 1627, 2146, 1660, 2146, 1660, 3555, 1590, 1660, 2146, 3555, 1690, 1690, 2042, 2146, 4230, 4230]"
644,"[333, 321, 439, 2206, 2206, 4024, 2206, 4024, 4024, 2206, 4024, 2206, 4024, 4024, 2206, 2206, 4024, 4024, 2206, 4024, 4024, 1526, 2206, 2206, 4536, 4024, 4024, 4536, 2206, 4024, 4536, 4536, 4024, 4024, 2206, 4024, 4536, 2206, 4536, 4024, 4024, 4536, 2206, 4024, 4024, 2042, 4024, 4536, 4024, 4536, 4024, 4024, 2206, 4024, 4536, 4024, 2206, 2206, 325, 333, 321, 706, 324, 325, 325, 2206, 2206, 249]"
645,"[1159, 1554, 1655, 1255, 2154, 1710, 2398, 1655, 3323, 1554, 176, 1159, 1710, 3323, 176, 1554, 1655, 3323, 176, 1655, 155, 1283, 1283, 1630, 1159, 3323, 176, 2154, 176, 2717, 1655, 176, 1183, 176, 2398, 176, 1554, 176, 1554, 82, 1950, 82, 1283, 1159, 3323, 3323, 1554, 1710, 1655, 1710, 176, 1655, 1159, 1159, 1554, 1655, 176, 2383, 1655, 155, 1283, 3786, 1627, 309, 2623, 256, 1227, 2010, 129, 4542, 1627, 1655, 3323, 721, 4801, 1554, 1283, 4771, 793, 2451, 2469, 793, 4771, 1710, 3323, 1506, 1710, 1890, 1710, 3323, 1710, 1554, 2951, 1655, 1710, 1655, 1710, 598, 176, 1554, 176, 1554, 1710, 1120]"
646,"[1543, 2613, 3211, 1700, 690, 2903, 102, 3206, 179, 175, 3211, 1662, 2973, 1678, 3591, 364, 3225, 3169, 403, 2903, 3078, 416, 2903, 1918, 2537, 516, 1700, 4503, 3965, 2758, 4531, 3189, 2903, 682, 410, 1571, 4467, 1010]"
647,"[380, 439, 1666, 575, 1957, 439, 3230, 380, 226, 1015, 23, 226, 2238, 1578, 4147, 380, 4707, 2677, 325, 380, 4707, 4707, 325, 4082, 380, 169, 3876, 1950, 439, 380, 223]"
648,"[1558, 2031, 1638, 1713, 473, 645, 2932, 3162, 645, 3524, 2700, 1988, 3524, 3692, 3162, 2917, 645, 360, 2932, 3907, 3162, 3907, 3795, 645, 3907, 3162, 3162, 645, 3162, 1195, 1923, 3907, 2512, 3907, 1576, 3162, 1195, 1053, 3162, 2700, 3795, 1025, 3162, 2512, 3907, 2347, 3907, 3162, 3907, 1466, 3162, 3907, 2932, 2932, 645, 1010, 3907, 2031, 1638, 510, 3907, 2317, 3907, 3978, 2044, 645, 3907, 3162, 3264, 2700, 1010, 3907, 3437, 2317]"
649,"[665, 1659, 777, 305, 324, 324, 1659, 1707, 1707, 333, 324, 1659, 321, 3756, 1015, 102, 2661, 249, 410, 3756, 2661, 1873, 324, 2187, 83, 324, 777, 2603, 665, 151, 1659, 2844, 4819, 4819, 2511, 4819, 1659, 267, 1707, 267, 2844, 377, 267, 1707, 2187, 4893, 1576, 267, 267, 1576, 1576, 305, 5078]"
650,"[245, 2607, 2607, 2368, 245, 3876, 2284, 1576, 2549, 4547, 4547, 2038, 3437, 4547, 324, 82, 324, 332, 1966, 4014, 1659, 3283, 4547, 4547, 2894, 4547, 4547, 4805, 4356, 4547, 4547, 4102, 1151, 4547, 2944, 3596, 4357]"
651,"[1504, 2274, 2517, 2990, 1075, 2024, 83, 3526, 1959, 604, 2997, 2274, 2274, 3982, 1178, 604, 1504, 197, 2274, 1959, 2274, 1959, 2274, 2274, 2480, 2990, 83, 2274, 1959, 4686]"
652,"[1464, 2898, 3468, 1464, 3139, 2898, 3468, 3598, 3468, 4242, 3029, 2927, 3468, 3468, 2041, 3468, 3468, 1308, 1632, 3468, 3468, 2898, 3274, 3013, 3468, 3468, 1659, 3468, 3265, 3468, 3468, 3590, 771, 3468, 2041, 3468, 3468, 3012, 245, 78, 3468, 3468, 1797, 3468, 3468, 3038, 1778, 3468, 1224, 3927, 377, 3468, 3468, 1325, 3468, 771, 3590, 2357]"
653,"[1573, 1678, 1734, 80, 2788, 3141, 574, 2788, 4052, 2788, 2788, 1379, 2788, 3876, 2909, 2788, 2788, 1381, 3491, 285, 2788, 2043, 3324, 2788, 727, 727, 187, 61, 2788]"
654,"[1574, 2666, 3590, 1574, 3785, 1574, 3785, 1574, 3785, 1574, 3785, 3785, 2666, 3785, 3785, 1574, 207, 2666, 1574, 207, 1574, 3785, 3785, 207, 3785, 207, 1574, 207, 2666, 3785, 2340, 3785, 2666, 207, 1574, 3785, 1574, 2666, 4439, 4439, 207, 4439, 4439, 3785, 3785, 4439, 2991, 4250, 4250, 2666, 2666, 3785, 3811, 3215, 1574, 3785, 2666, 207, 3785, 207, 4439, 4439, 1574, 483, 1574, 207, 1574, 1574, 207]"
655,"[1129, 1731, 1913, 76, 1848, 3043, 3079, 3065, 1381, 2815, 3296, 3084, 3308, 2595, 324, 406, 1204, 20, 2513, 4534, 3120, 4028, 2739, 2045, 2595, 1166, 3757, 406, 82, 3447, 3757, 3757, 1729, 417, 417, 82, 2595, 4154, 5002, 324, 1509, 2595, 2041, 381, 5002, 5002, 1784, 2595, 1749]"
656,"[1590, 2374, 596, 2850, 380, 2850, 1170, 2374, 3374, 176, 2374, 1590, 2374, 61, 2366, 3374, 2850, 812, 257, 3374, 3374, 2850, 3374, 3374, 4479, 4479, 1590, 2876, 4479, 4479, 82, 82, 4479, 4479, 2366, 1014, 4479, 4479, 2850, 4479, 4479, 82, 4479, 4479, 2850, 2876, 4479, 4479, 380, 4479, 1758, 2876, 4479, 2850, 1590, 4479, 2850, 1590, 4479, 4479]"
657,"[1592, 2512, 2138, 3832, 1383, 328, 3832, 2138, 2138, 1592, 2138, 443, 443, 2138, 474, 3832, 3760, 4660, 1381, 2138, 4405, 4307, 3089, 474, 23, 3844, 3251, 1769, 3251, 2138, 3884, 375, 76, 1464, 215, 3089, 3089, 908, 5050, 5050, 2138, 5050]"
658,"[1593, 1880, 1880, 3665, 3665, 2038, 324, 2492, 3725, 1001, 3665, 3665, 324, 3665, 2038, 3665, 3665]"
659,"[1595, 1659, 1595, 2127, 2127, 3090, 616, 2127, 2127, 1595, 616, 1595, 3692, 2127, 2127, 2867, 616, 1595, 2127, 2127, 616, 1595, 370, 2127, 2127, 247, 1595, 2127, 2127, 1595, 616, 1595, 1717, 1638, 4149, 2127, 2127, 4251, 2867, 2127, 2127, 2429, 2127, 2127, 616, 2127, 2127, 3692, 61, 3372, 1010, 406, 406, 2127, 2127, 4149, 1595, 3437, 3095, 2127, 1595, 175, 4407, 4251, 1595, 2127, 2127, 1988, 1595, 1595, 4155, 2127, 616, 2127, 2127, 1595, 2127, 2127, 1638, 1595, 1595, 2127, 2127, 1595]"
660,"[175, 36, 1738, 1077, 2010, 707, 1738, 1738, 1495, 1738, 2657, 2867, 26, 1288, 2692, 3020, 1738, 2657, 3496, 1678, 1219, 1738, 1738, 2488, 1738, 4090, 1738, 3200, 102, 1738, 3074, 1533, 1112, 36, 406, 1738, 1219, 3850, 1738, 3740, 2083, 1494, 80, 1918, 357, 3605, 2816, 2721, 36, 1161, 208, 257, 2913, 1738, 1381, 1887, 76, 3322, 1385, 2357, 245, 443]"
661,"[1377, 1626, 929, 1850, 1828, 343, 1678, 1456, 1828, 1828, 82, 82, 3614, 82, 82, 4142, 343, 176, 3614, 3766, 2420, 4707, 2383, 1377, 1223, 54, 4072, 54, 3603, 1828, 54, 693, 82, 2364, 3603, 1377]"
662,"[61, 1496, 257, 250, 1475, 1932, 2919, 1635, 1475, 1006, 3836, 134, 3324, 1100, 3300, 1100, 1167, 516, 690, 1100, 1059, 1059, 1932, 1059, 2679, 83, 2919, 1059, 1100, 1167, 1077, 1540, 2919, 406, 406, 549, 3446, 318, 83, 2110, 318, 2919, 686, 3760, 250, 3209]"
663,"[1613, 1104, 1659, 441, 3068, 403, 1712, 1765, 2493, 2440, 474, 1496, 1391, 3527, 1576, 23, 4077, 1391, 4065, 3272, 1873, 2422, 1730, 1613, 4700, 2440, 2443, 559, 2513, 3678, 3850, 1928, 3792, 2324, 2744, 430, 3527, 2826, 1638, 1039, 61, 61, 4110, 82, 406, 406, 4893, 3321, 2870, 2909, 1576]"
664,"[378, 1837, 2223, 1837, 1837, 2223, 1837, 3546, 1837, 1837, 2223, 2864, 722, 1837, 1837, 2223, 2223, 1837, 1837, 2223, 1837, 1837, 722, 1837, 1837, 2223, 1837, 1837, 2223, 1837, 1152, 1837, 1837, 2223, 1837, 2223, 1837, 1837, 2223, 102, 1837, 3276, 4152, 1837, 4943, 4943, 2223, 4943, 2223, 4943, 4943]"
665,"[1631, 2314, 2314, 3299, 3299, 3638, 1638, 3871, 3940, 3638, 3297, 4276, 3166, 4442, 3940, 3940, 2314, 2923, 4476, 3638, 3940, 2187, 3638, 3676, 1851, 406, 1851, 3940, 4640, 2314, 4640, 4640, 4481, 4640, 3940, 4640, 4686, 1873, 324, 4640, 4640, 3436, 3436, 4640, 3940, 4640, 4640, 4280, 3940, 2110, 4640, 4801, 4280, 2314, 3676, 4640, 3436, 3299, 4541, 3940, 2652, 4504, 4504, 5078, 5079]"
666,"[1640, 1640, 2107, 2107, 1389, 324, 128, 1015, 2107, 2107, 1640, 3584, 2107, 2107, 3758, 2107, 257, 2687, 2500, 2500, 1170, 2163, 2107, 1640, 2107, 2107, 1018, 1627, 2107, 1640, 3758, 1640, 2107, 2107, 1640, 2107, 1507, 1640, 1640, 2107, 2107, 82, 82, 2107, 1640, 1640, 1170, 1018, 2107, 2107, 1591, 2107, 4292, 2107, 2107, 12, 995, 2717, 2107, 2107]"
667,"[1642, 490, 1642, 3353, 1642, 3066, 1642, 1462, 1161, 950, 2023, 2207, 1713, 2207, 1381, 2207, 3008, 1642, 2996, 1758, 4318, 2266, 1707, 179, 3915, 4219, 114, 2207, 2207, 4467, 61, 950, 2653, 4801, 4805, 2321, 1642, 4318, 1758, 2653, 2653, 2606, 921, 2653, 3240, 2207, 1642, 1642, 4318, 2957, 3812]"
668,"[1649, 1798, 82, 82, 1952, 1798, 1952, 2862, 3533, 1777, 1798, 1798, 20, 1798, 858, 3945, 1798, 1952, 1359, 1359, 1798, 1359, 1952, 1359, 1798, 1359, 1952, 1359, 1798, 1359, 1798, 1359, 1359, 3882, 1359, 1952, 1798, 1798, 1359, 1798, 1952, 1798, 1798, 1359, 1798, 1798, 1952, 1798, 1798, 1359, 1798, 1798, 1359, 1359, 1798, 1359, 1359, 1798, 1798, 1359, 1798, 1359, 1798, 1359, 1798, 1359, 1359, 1798, 1359, 1798, 1798, 1359, 1359, 1798, 1359, 858, 1798, 1798, 1359, 1359, 1798, 1798, 1359, 1359, 1798, 1359, 1359, 1798, 1798, 3414, 234, 1798, 1359, 3414, 858, 1659, 858, 1798, 1798, 1359, 1798, 3414, 1616, 1359, 1798, 3414, 1359, 1359, 3784]"
669,"[1656, 410, 3150, 2926, 3346, 3770, 1151, 3223, 4154, 4171, 4308, 4348, 1656, 1617, 3183, 2926, 226, 82, 102, 4520, 3294, 2927, 3329, 226, 3646, 3279, 2927, 226, 82, 3931, 2047, 102, 4893, 179, 4154, 1151, 378]"
670,"[1041, 1939, 1612, 1558, 1104, 3195, 1939, 1355, 439, 3924, 2484, 1939, 84, 23, 1939, 1939, 2484, 611, 4242, 3924, 1939, 1612, 2913, 4242, 4082, 3924, 1170, 2716, 1998, 3224, 1939, 2619, 1939, 2619, 1734, 1656, 3232, 1104, 175, 1939, 1939, 84, 1734, 1898, 1918, 1872, 1103, 3492, 3760, 3848, 2765]"
671,"[1593, 1721, 1573, 1840, 229, 1260, 1260, 2670, 1260, 2739, 1840, 1840, 2836, 2836, 3118, 3140, 1260, 151, 1260, 3424, 1840, 1840, 2836, 1840, 2836, 2739, 3140, 2373, 1840, 1840, 3424, 36, 3412, 2047, 1840, 2836, 2448, 1840, 3535, 1840, 2836, 1260, 1840, 1260, 4164, 1840, 3424, 2836, 1840, 1840, 2836, 226, 1840, 897, 1840, 2836, 1260, 3424, 226, 4164, 3061, 1260, 3140, 1840, 1260, 3424, 2836, 1840, 1260, 1840, 1260, 1840, 2836, 4164, 3140, 1840, 2542, 1840, 1260, 1840, 2836, 2542, 1840, 1260, 1840, 2006, 36, 2836, 1565, 1840, 3061, 2836, 1840, 1260, 2836, 2820, 61, 2836, 3729, 1840, 515, 1840, 142]"
672,"[1658, 1658, 394, 1658, 3871, 1658, 4077, 1658, 1658, 1935, 38, 4748, 4748, 2212, 2868, 4748, 4748, 993, 416, 993, 4748, 416, 4748, 4748, 2153, 3681, 3276, 4748]"
673,"[427, 1701, 1739, 2289, 2324, 20, 2749, 557, 1778, 2289, 499, 2749, 344, 4432, 2480, 2749, 4431, 1974, 3143, 2652, 2289, 2749, 2940, 499, 1696, 4700, 3523, 4085, 2682, 3538, 2749, 3538, 3324, 2749, 1509, 2570, 2749, 1778, 2289, 4417, 2714, 1778, 2749, 1921, 2749, 3194, 2046, 2046, 2289, 2289, 3141, 2289, 4233, 3538, 26, 2480, 2749, 3217, 1075, 2851, 2289, 3000, 2749, 3194, 2851, 2289, 2289, 1797, 2749, 2289, 2289, 4417, 2513, 2289, 1589, 3194, 3139, 2289, 2451]"
674,"[1698, 1576, 2895, 3281, 1873, 2900, 1698, 4272, 1717, 3951, 4436, 3951, 3951, 1170, 3951, 3951, 2488, 1698, 3951, 1381, 3951, 3951, 3864, 4432, 3795, 3951, 1773, 3951, 1435, 1698, 1698, 1486, 3795]"
675,"[1706, 1839, 2571, 2571, 1616, 1820, 2571, 2310, 3147, 460, 3974, 2571, 2290, 1544, 1706, 3729, 3729, 2290, 2571, 3102, 3729, 2571, 3729, 2571, 1706, 1769, 2571, 4189, 1839, 4978, 2571, 2571, 4249, 4249, 2571, 69, 791, 84, 3097, 3013, 4978, 2762, 4249, 4249, 5079, 4978]"
676,"[1707, 1918, 1990, 3650, 3716, 1555, 771, 1635, 2749, 3716, 3222, 3716, 3222, 3992, 3716, 3650, 3716, 3992, 3716, 1555, 2964, 2694, 3222, 2990, 771, 3716, 3992, 3716, 2964, 3716, 3656, 1720, 442, 2990, 1555, 3716, 2964, 3716, 3716, 2964, 1067, 4372, 3672, 2964, 3716, 3992, 3716, 2939, 3716, 3790, 3716, 3992, 3716, 3716, 3905, 3716, 2964, 763, 3716, 2695, 2964, 3222, 3716, 3135, 1659, 3992, 3716, 771, 3716, 3135, 462, 1737, 3992, 3716, 3716, 2984, 406, 3222, 3716, 3716, 1848, 1990, 3672, 2964, 2939, 3786, 1990, 3716, 2489, 3992, 3716, 2695, 3716, 2964, 3131, 406]"
677,"[1710, 3582, 3582, 2911, 4020, 4027, 3582, 2911, 836, 3582, 4020, 2911, 4020, 2911, 4020, 2911, 3582, 836, 4027, 4020, 3582, 4027, 836, 4020, 2911, 4020, 836, 3582, 4020, 4027, 836, 4020, 4027, 2911, 3582, 4020, 2911, 4027, 2910, 3582, 2911, 4020, 4027, 836, 3582, 4027, 4027, 4020, 2911, 4027, 836, 3192, 3582, 2911, 3582, 2911, 4027, 836, 4027, 3192, 779, 836, 836, 3192, 4027, 836, 3192, 2911, 836, 4027, 3192, 4027, 572, 4027, 1503, 1503, 836, 1503, 836, 3192]"
678,"[1727, 2437, 2531, 1086, 991, 3567, 3877, 1555, 3345, 2196, 763, 2972, 991, 3859, 1936, 991, 3133, 1610, 604, 1322]"
679,"[1728, 2334, 1731, 2694, 2729, 2747, 1728, 2747, 3078, 2729, 3295, 1728, 1596, 3377, 1576, 458, 3195, 3377, 3377, 1728, 3539, 2747, 2334, 2747, 3377, 3377, 2729, 2747, 1728, 3377, 3195, 151, 2729, 2334, 3377, 1728, 3377, 2694, 2747, 3824, 3377, 3195, 1728, 2570, 3377, 2747, 3377, 3246, 3377, 3377, 1664, 3377, 3195, 1728, 3377, 3377, 3295, 2729, 3295, 2334, 2747, 1728, 2747, 3377, 428, 324, 3377, 1728, 3377, 1728, 3377, 3377, 2747, 3377, 2334, 3078, 3377, 1728, 3377, 1090, 1090, 3377, 2553, 3377, 3195, 2747, 3377, 3377, 1728, 1728, 2729, 4185, 2729, 3377, 3195, 3377, 2334, 3539, 4185, 2334, 3377, 2334, 2747, 4185, 3377, 3377, 2747, 3195, 3377, 2918, 2747, 2918, 3195, 611, 4226, 378, 363, 3377, 3377, 1912, 1728, 1728]"
680,"[1730, 2891, 2688, 1707, 1829, 3227, 3255, 3277, 3196, 1576, 549, 1043, 1707, 4062, 4138, 3227, 3255, 2891, 4062, 2891, 4062, 3798, 249, 443, 1576, 1829, 2891, 4062, 2891, 4062, 2891, 1707, 1743, 2891, 249, 1901, 1494, 2891, 2891, 4062, 4062, 2891, 4062, 2637, 1829, 4062, 2637, 4062, 1743, 2746, 4423, 4062, 2891, 4062, 4062, 95, 4062, 3845, 76, 1480, 61, 1743, 249, 3341, 4805, 1730, 324, 324, 2819, 3390, 61, 406, 1743, 4062, 1018, 1480, 1576, 1743, 1514, 2637, 1707, 249, 2538, 61, 1480, 3227, 324, 4062, 1480, 2933, 3227, 3277, 4062, 1147, 3255, 4062, 1147, 4062, 4062, 1147, 1829, 1707]"
681,"[66, 2781, 439, 1715, 176, 439, 1018, 3909, 3909, 1, 3909, 3909, 4490, 3909, 3909, 1715, 1737, 3909, 3909, 1715, 3909, 1652, 1170, 2004, 3909, 3874, 1283, 3909, 1415, 3909, 1715, 439, 1487, 3909, 3834, 3909, 644, 1283, 3909, 3874, 1950, 3909, 3909, 439, 1890, 1957]"
682,"[1740, 2097, 2426, 2431, 2431, 1388, 2097, 616, 3362, 3372, 82, 2426, 2431, 2953, 1388, 2426, 2097, 1712, 2426, 2097, 2431, 2426, 363, 3099, 3344, 23, 4382, 1397, 406, 82, 2431, 1712, 2912, 3273, 3252, 2674, 2426, 1537, 1388, 1362, 357, 2097, 2426, 1158, 2097, 1462, 2097, 1786, 1880, 2097, 1388, 2097, 1388, 3893, 3893, 3273, 3893, 4801, 2097, 3893, 1397, 2431, 2097, 3893, 2097, 3893, 3893, 2097, 3893, 3893, 2097, 1388, 2097, 2097, 1388, 616, 3893, 4382, 2426, 2097, 4065, 1397, 2097, 1618, 2097, 1397, 4893, 2097, 2097, 1397]"
683,"[1745, 1803, 2698, 2722, 3131, 3131, 3666, 3291, 3131, 3120, 4264, 1803, 1761, 2480, 4375, 3705, 3148, 4269, 1198, 1635, 1925, 3978, 604, 3977, 3131, 3080, 1739, 4269, 1018, 3131, 344, 1745, 2715, 370, 1198, 1670, 4893, 2927, 493, 1621, 2556, 4221]"
684,"[1752, 1431, 2137, 329, 1237, 1431, 2395, 329, 1431, 1431, 2395, 2137, 1030, 3379, 2137, 2832, 1431, 329, 1431, 1431, 555, 3871, 2137, 1431, 1431, 555, 1431, 2137, 1431, 1431, 4436, 4465, 1431, 1431, 2395, 2832, 1431, 1431, 2395, 1431, 28, 439, 1431, 1431, 4465, 1674, 4465, 1431, 3184, 1814, 1431, 2395, 3859, 1431, 1431, 2395, 1431, 2395, 536, 1814, 1431, 3498, 42, 439, 464, 1431, 2395, 329, 3498, 321, 4465, 1431, 4771, 2738, 3498, 1431, 4771, 2738, 4771, 1441, 1441, 4771, 4465, 1431, 4801, 3244, 2395, 1431, 1431, 4771, 2738, 4771, 4465, 1431, 20, 4465, 321, 4465, 1431, 2469, 3947, 4106, 4465, 1431, 439, 4771, 2738, 4465, 1431, 4771, 2738, 4771, 1431, 321, 4031, 3635, 1940, 1576, 226, 257, 42, 321, 4771, 4771, 2738, 3678, 2738, 4771, 4771, 138, 4465, 4465, 2738, 1506, 4106, 4465, 2738, 2738, 1431]"
685,"[1753, 1864, 2570, 580, 2935, 20, 1753, 20, 2510, 20, 2570, 2935, 20, 3241, 3246, 20, 4074, 3503, 20, 1528, 2570, 2935, 20, 2570, 2304, 2028, 2570, 2935, 3136, 3232, 580, 20, 4537, 102, 2935, 2935, 2536, 1158, 2935, 4537, 2570, 3503, 20, 516, 4537, 4537, 20, 4269, 4537, 4269, 4537, 2437, 664, 4537, 3092, 4269, 4269, 4537, 4148]"
686,"[1758, 2083, 2457, 2522, 2967, 2522, 1691, 2522, 1691, 2522, 2967, 2522, 3491, 3679, 1758, 2522, 3899, 2522, 26, 2522, 2522, 2967, 2967, 2522, 2522, 1691, 502, 2545, 2522, 2522, 2967, 2522, 2522, 4700, 3043, 2967, 2522, 2522, 4488, 2522, 2522, 3774, 2522, 2522, 3108, 2522, 2522, 2967, 4488, 2522, 2522, 61, 4488, 2522, 1173, 2522, 2522, 4100, 4893, 2522, 2522, 2839]"
687,"[82, 488, 1864, 1446, 2685, 2928, 2832, 2975, 2685, 2709, 2685, 867, 2709, 3244, 793, 3498, 2685, 2928, 2181, 2709, 3437, 2685, 2709, 3244, 3834, 1255, 2685, 4142, 2709, 488, 1255, 2685, 1918, 1255, 2709, 2685, 1255, 1715, 2685, 2709, 2685, 69, 999, 999, 1255, 1484, 952, 2704, 1283, 4142, 1715, 2685, 2685, 2181, 1255, 2685, 176, 3204, 2636, 3874, 151, 2685, 1255, 2685, 2685, 82, 536, 3436, 1283, 3324, 793, 3502, 1950, 1555, 4801, 256, 2685, 1666, 3784, 2685, 1255, 2709, 1255, 2685, 952, 2928, 3834, 1715, 2685, 2928, 2685, 2832, 488, 1015, 69, 2685, 2685, 2832, 2685, 1715, 1255, 1255, 488, 488]"
688,"[1769, 3034, 3276, 1769, 1925, 4171, 4171, 179, 3850, 3297, 4171, 179, 179, 1948, 179, 4171, 4171, 1948, 1948, 179, 4673, 1948, 4673, 1638, 3254, 4673, 4673, 179, 4673, 1930, 179, 4673, 4673, 3436, 179, 4673, 4171, 4171, 1948, 1948, 1930, 2334, 4673, 4673, 179, 4673, 1948, 4673, 1930, 1948, 179, 483, 3034, 1948, 4171, 3366, 1530, 1948, 4114, 2964, 1748, 4171, 1948, 4398, 3330, 3213, 1948, 1769, 4171, 1948, 179, 3114]"
689,"[1771, 897, 324, 2370, 2370, 2907, 2370, 2462, 2370, 2866, 2370, 3279, 2370, 971, 1998, 2370, 4844, 2370, 499, 2451, 1778, 897, 2370, 499, 2370, 2370, 2907, 2269, 3132, 1594, 2370, 2370]"
690,"[1778, 128, 128, 2956, 2959, 950, 950, 3097, 1778, 128, 2959, 3058, 406, 1778, 2862, 2862, 2959, 128, 2956, 3058, 2959, 2956, 1680, 128, 1778, 352, 3084, 2038, 128, 128, 1747, 1747, 20, 128, 901, 31, 2481, 2956, 1778, 128, 128, 1018, 61, 4571, 1680, 1680, 1716, 3534, 1680, 1680, 3194, 1778]"
691,"[1780, 258, 2148, 103, 1997, 2162, 2148, 258, 104, 1780, 1780, 258, 2148, 103, 1997, 2724, 2724, 103, 258, 1780, 3261, 1942, 213, 3261, 213, 519, 2585, 3565, 213, 3261, 1780, 1780, 2148, 771, 1047, 2148, 258, 1780, 1780, 3261, 3627, 1780, 1780, 104, 258, 2148, 1997, 2724, 2724, 1780, 598, 1780, 3261, 213, 598, 3627, 213, 3261, 104, 1780, 3385, 4384, 3215, 1780, 1780, 2148, 2148, 103, 1997, 1252, 2566, 598, 1678, 3403, 1246, 598, 1780, 213, 172, 3970, 103, 2148, 3476, 213, 1780, 213, 807, 519, 172, 807, 1787, 1780, 1780, 4589, 104, 3882, 4589, 597, 2240, 922, 881, 3445, 1780, 3385, 104, 598, 1780, 598, 3985, 3985, 1780, 1780, 4750, 4750, 1780, 4801, 1780, 1780, 3436, 2240, 1780, 3261, 213, 213, 3261, 1780, 1842, 213, 1520, 463, 104, 1780, 104, 1780, 104, 1780, 3081, 1207, 1780, 4893, 1780, 1780, 5048, 1780, 1780, 5079, 5079, 5078, 1780, 4686]"
692,"[1785, 2322, 2322, 3132, 2322, 2322, 3444, 2322, 1417, 2451, 2322, 2322, 3080, 3295, 1750, 2322, 2749, 406, 406, 2275, 2195, 2851, 1578, 3842, 612, 3790, 2322, 3254, 3218, 3444, 3790, 2940, 1982, 3080, 1745, 2322, 3444, 1629, 1785, 1974, 2322, 2322, 3078, 2322, 1791, 2714, 1750, 3274, 2322, 2322]"
693,"[1794, 1794, 1475, 1794, 1794, 1018, 1794, 1794, 2999, 1794, 3963, 1794, 1475, 1794, 1794, 2664, 38, 1794, 1794, 80, 1794, 3963, 1794, 1794, 2999, 1794, 1794, 394, 897, 1794, 1794, 3963, 1794, 1794, 4861, 1794, 1794, 2439, 1794, 1794, 2241, 1794, 310, 4130, 3963, 1010]"
694,"[1313, 102, 2078, 102, 102, 2791, 102, 2078, 102, 2024, 868, 102, 2078, 2308, 2791, 102, 2791, 2308, 102, 2078, 102, 2078, 102, 102, 2078, 2308, 102, 2308, 2308, 102, 3255, 102, 102, 379, 102, 102, 379, 2791, 102, 2791, 1935, 102, 379, 2791, 4759, 102, 2791, 2791, 2078, 102, 2791, 102, 2078, 2791, 4759, 2078, 102, 2791, 4801, 2078, 2791, 102, 102, 2078, 102, 2078, 102, 2078, 102, 4759, 2535, 519, 2791, 102, 2791, 2791, 4541, 2791, 2004, 102, 2791, 2791, 2609, 498, 102, 2078, 102, 2791, 2791, 1445, 4759, 4759, 2791, 102, 102, 2791, 4759, 102, 868, 102, 2791, 4759, 102, 4759, 2791, 4759, 102]"
695,"[1806, 2336, 2527, 3184, 3677, 3580, 3904, 1168, 3226, 1653, 3904, 848, 4598, 3100, 1551, 2508, 309, 410, 3658, 309, 410, 1671, 3887, 3238, 1806, 4185, 370, 4433, 1196, 1706, 3238]"
696,"[1814, 1828, 2361, 2451, 20, 1080, 1120, 950, 2513, 1526, 4072, 256, 3254, 3114, 3285, 4500, 297, 1805, 4072, 2951, 4500, 1080, 4500, 2361, 4500, 1080, 234, 2451, 1659, 2361, 3114, 2898, 1018, 2361, 3029, 406, 2361, 4500, 4500, 324, 1205, 4341, 4500, 4341, 4341, 1170, 1295, 1254, 4500, 1080, 4500, 4072, 1080, 617, 3131, 2361, 4500, 1170, 3114, 2924, 4072, 4072, 4266, 2951, 1446]"
697,"[1747, 1884, 2085, 1884, 2085, 1884, 3048, 1884, 2183, 1884, 2085, 1884, 2085, 1884, 2085, 1884, 1884, 3277, 1884, 1884, 3255, 3525, 2085, 1884, 2085, 1884, 2085, 762, 1884, 1884, 3782, 208, 2614, 1884, 2085, 3255, 3277, 1884, 2067, 3463, 3538, 1884, 1884, 3607, 1884, 1884, 3254, 1884, 1884, 4137, 1884, 545, 2085, 1960, 3293, 2652, 1884]"
698,"[406, 61, 2770, 2772, 2772, 2980, 2772, 2772, 2162, 2980, 2051, 2772, 2772, 2051, 2772, 102, 1576, 2051, 2770, 2051, 2772, 2162, 2051, 2772, 2162, 2162, 2051, 2980, 2770, 2772, 2770, 2051, 2980, 2770, 2772, 2770, 2051, 2162, 2051, 2770, 2980, 2051, 2772, 2770, 2051, 1313, 2162, 2772, 131, 2051, 2980, 2162, 2772, 2980, 2770, 3354, 2980, 313, 2770, 2772, 2980, 313, 2772, 2770, 2980, 1313, 2772, 209, 2772, 2980, 2980, 1313, 2772, 2772, 2980, 2772, 2980, 2772, 313]"
699,"[1854, 940, 410, 1854, 410, 1854, 1854, 410, 1854, 1854, 940, 2866, 410, 1854, 1854, 940, 1854, 309, 249, 549, 1854, 1854, 309, 940, 410, 309, 1854, 940, 410, 309, 1854, 309, 940, 410, 1854, 1854, 309, 940, 1854, 309, 410, 1854, 309, 940, 1854, 1854, 309, 940, 3393, 1854, 309, 940, 940, 309, 1854, 1854, 309, 940, 1854, 309, 309, 940, 410, 1854, 1854, 410, 309, 1854, 1854, 309, 410, 309, 1854, 1854, 940, 410, 309, 1854, 1854, 309, 940, 1854, 940, 410, 309, 940, 410, 1854, 410, 309, 1854, 1854, 309, 940, 2237, 1854, 1854, 309, 940, 3063, 3063, 1854, 1854, 940, 1854, 1854, 309, 940, 1854, 940, 1854, 1854, 940, 1854, 940, 410, 309, 1854, 1854, 309, 940, 940, 1854, 309, 940, 1854, 1854, 940, 309, 1854, 309, 940, 1854, 309, 940, 410, 1854, 309, 940, 1854, 309, 940, 410, 1854, 1854, 309, 940, 410, 1854, 1854, 309, 940, 1854, 309, 940, 410, 1854, 1854, 309, 940, 1854, 1854, 309, 940, 309, 1854, 309, 940, 1854, 309, 1854, 309, 1854, 1854, 309, 410, 1854, 1854, 309, 940, 410, 1854, 309, 940, 1854, 1854, 309, 3894, 3894, 2861, 1854, 309, 410, 309, 1854, 1854, 309, 1854, 1854, 309, 940, 410, 309, 1854, 1854, 940, 1854, 1854, 309, 940, 1854, 536, 1854, 1854, 309, 940, 1854, 1322, 1854, 1854, 309, 940, 1854, 309, 940, 410, 1854, 940, 410, 3502, 1854, 1854, 2276, 309, 321, 1854, 1854, 309, 940, 1854, 1854, 940, 1854, 309, 940, 410, 1854, 309, 410]"
700,"[1862, 1862, 2990, 1862, 1862, 1157, 1862, 1862, 462, 1862, 1862, 2990, 1862, 1862, 1094, 1094, 1862, 2990, 1862, 1862, 3836, 1862, 1862, 2990, 1862, 1862, 2990, 1862, 1862, 2990, 1862, 1862, 2477, 1862, 2990, 1862, 1862]"
701,"[1871, 887, 2711, 2359, 3029, 574, 3517, 2489, 887, 889, 356, 1173, 887, 3029, 887, 1053, 2834, 3974, 378, 3029, 3491, 3029, 889, 3029, 62, 1578, 4028, 3029, 2552, 887, 4028, 2765, 1925, 1871, 3029, 883, 1632, 887, 352, 1777, 2232, 4382, 352, 1925, 197, 887, 3029, 4520, 3029, 887, 887, 2865, 3029, 1638, 3029, 3029]"
702,"[451, 451, 11, 1155, 451, 1387, 451, 11, 451, 102, 11, 451, 1155, 451, 451, 3397, 451, 1085, 2122, 11, 690, 451, 11, 451, 11, 451, 2867, 1085, 11, 451, 11, 451, 11, 451, 451, 1387, 1085, 451, 11, 451, 451, 2122, 11, 312, 11, 3469, 451, 451, 1703, 2384, 11, 451, 11, 2712, 11, 11, 1387, 451, 11, 11, 451, 11, 451, 451, 727, 2656, 451, 2879, 451, 451, 11, 11, 451, 11, 451, 2712, 451, 451, 2712, 451]"
703,"[324, 1030, 867, 324, 1389, 333, 1526, 333, 324, 3977, 2324, 1389, 2241, 1907, 2500, 2858, 442, 2640, 2858, 1389, 4283, 269, 1567, 793, 324, 1945, 324, 1389, 324, 1018, 3141, 324, 175, 2492, 3759, 1389, 2241, 1389, 1659, 102, 1389, 3791, 2865, 1389, 3791, 375, 1389, 793, 1612, 1613, 1018, 2842, 383, 3291, 1797, 2281, 1966, 5078, 5079, 5079]"
704,"[1889, 1761, 1175, 1761, 1678, 3669, 537, 3372, 3007, 1761, 4557, 370, 3971, 3537, 3222, 141, 1018, 474, 158, 1918, 4410, 1129, 2272, 473, 1713, 2260, 3222, 3222, 1020, 4893, 2224, 4753, 2302, 2901, 328]"
705,"[1864, 1872, 254, 254, 324, 254, 4089, 2352, 254, 791, 1212, 254, 1599, 400, 2590, 3324, 2921, 3070, 2972, 615, 1872, 3324, 1212, 254, 1872, 3356, 4502, 254, 4502, 249, 465, 465, 254, 254, 18, 400, 2352, 254, 1872, 1212, 23, 791, 1596, 1397, 84, 1167, 254, 4365, 254, 1872, 2352, 3211, 4502, 4502, 465, 254, 1872, 4502, 1212, 791, 400, 1212, 4502, 254, 2590, 254, 1212, 1612, 254, 254, 2357, 400, 4527, 254, 1212, 2494, 254, 254, 400, 2976, 1824, 2331, 254, 254, 84, 1077, 254, 1032, 254, 4502, 1872, 254, 2590, 4502, 1872, 254, 536, 1385, 3132, 312, 1872, 151, 4089, 773, 254, 1872, 1161, 172, 1112, 4522, 2834, 3395, 1889, 1130, 4502, 1212, 2304, 465, 1493, 151, 254, 465, 254, 1612, 2972, 5065, 4502]"
706,"[1895, 2433, 2543, 2433, 2433, 2543, 2433, 2433, 3258, 2433, 2433, 3658, 2433, 2433, 2774, 2433, 1895, 2433, 3486, 2433, 1895, 38, 2433, 2433, 1895, 2433, 2433, 3438, 2433, 2433, 1895, 2433, 2433, 1895, 3486, 2433, 2433, 1895, 2433, 3258, 2433, 1895]"
707,"[1896, 2172, 2172, 3146, 2172, 2172, 176, 2172, 176, 2172, 1506, 2172, 1737, 2172, 3315, 2172, 3219, 30, 3443, 12, 2821, 2172, 2172, 331, 238, 2172, 2594, 221, 2172, 1812, 176, 1183, 3605, 2172, 1183, 4544, 2172, 3856, 2172, 2172, 3219, 2172, 2172, 2816, 2172, 4147, 2172, 3758, 2172, 176, 1591, 2172, 3146, 1183, 2172, 2172, 2915, 2364, 3605, 78, 3758, 3543, 380, 4464, 4303, 3146, 2821, 1183, 176, 331]"
708,"[1897, 1897, 2269, 3165, 1252, 2212, 1897, 95, 102, 2887, 1897, 832, 3165, 832, 1699, 4077, 832, 3165, 1897, 2188, 3165, 1030, 3165, 2626, 3165, 1897, 3165, 2477, 363, 3791, 1897, 1897, 2626, 1897, 2553, 1897, 1897, 4055, 3165, 4357, 2038, 2293, 3165, 3165, 1897, 1897, 3254, 1188, 1897, 4055, 842, 3165, 3097, 4381, 2511]"
709,"[1475, 1966, 1977, 2297, 3167, 3167, 238, 1977, 3000, 2297, 406, 3699, 3167, 1313, 2293, 3167, 4622, 4625, 4622, 4622, 3167, 4622, 908, 4622, 3489, 3167, 3167, 482, 3167, 4208, 2297, 4995, 3167, 4622, 3167, 4995, 2297, 4995, 4622, 3167, 4554, 3675, 4622, 4995, 2297, 3180]"
710,"[1907, 945, 867, 2706, 945, 3115, 3223, 945, 3674, 3764, 36, 945, 1475, 3674, 2451, 195, 3764, 945, 3083, 509, 4283, 3674, 1018, 3242, 1475, 3674, 3281, 945, 509, 3223, 3674, 2451, 3674, 4488, 4488, 499, 945, 945, 509, 945, 3019, 3674, 2451, 509, 509, 3115, 3113, 2480, 2451, 945, 945, 1750, 2451, 4375, 509, 3674, 3674, 2241, 945, 3674, 1750, 4893, 945, 945, 2451, 3538, 945, 3242, 3764, 945]"
711,"[1908, 1908, 169, 3814, 1908, 1908, 322, 1908, 1908, 4110, 1908, 1908, 3147, 129, 1908, 1908, 249, 129, 1385, 966, 3798, 2180, 3798, 3798, 1161, 2357, 3686, 169, 129, 3798, 3798, 2257, 1563, 1563, 169, 169, 2180]"
712,"[867, 2132, 2936, 3263, 145, 2293, 2009, 2976, 1075, 2501, 2501, 1712, 1203, 175, 249, 1567, 2687, 177, 1705, 3489, 1705, 517, 292, 763, 2690, 62, 668, 2501, 4303, 525, 1081, 210, 1544, 1875, 2364, 668, 226, 2350, 226, 668, 1988, 31, 2842, 1493, 668, 1567]"
713,"[1917, 3102, 84, 2447, 134, 378, 3518, 2965, 378, 3637, 3637, 3765, 1917, 2240, 4010, 1219, 2240, 1959, 2531, 1504, 1917, 36, 3637, 1219, 2240, 3518, 3000, 36, 378, 1917, 2240, 3637, 1011, 2240, 3637, 1219, 3084, 3605, 1638, 1917, 1917, 3637, 210, 2943, 3637, 3265, 2462, 3518, 4248, 3637, 36, 4248, 378, 4248, 38, 3637, 3765, 363, 1649, 3143, 3276, 378, 241, 2965, 3637, 406, 1917, 3276, 2626, 1018, 18, 2646, 4443, 3007, 1824, 3637, 4248, 2329, 2943, 36]"
714,"[1887, 2023, 2462, 1219, 2626, 614, 429, 429, 3529, 1219, 3592, 3601, 614, 429, 429, 249, 3795, 3601, 429, 1887, 3795, 56, 1809, 3592, 442, 1887, 1075, 1075, 131, 131, 3529, 3592, 2626, 3601, 3264, 2658, 429, 3601, 1219, 2293, 56, 429, 2044, 6, 1484, 2626, 1123, 3863, 3524, 777, 2492, 1219, 2626, 3264, 2492, 3264, 3145, 3145, 1771, 3628, 2961, 1887, 3606, 442, 1887, 324, 324, 2961, 2961, 3592, 2626, 2961, 1889, 3628, 510, 1219, 4538, 3601, 429, 614, 1219, 3103, 337, 3592, 429, 4432, 4088, 3628, 1887, 1824, 1632, 3447, 1887, 3628, 1030, 2293, 429, 1889, 249, 442, 2692, 429, 4538, 2687, 429, 442, 249, 2293, 4538, 66]"
715,"[1864, 2349, 1817, 4163, 4340, 4163, 4340, 4163, 4340, 4163, 4163, 4340, 4163, 4340, 4801, 4163, 3809, 2439]"
716,"[706, 1864, 2032, 2207, 706, 2207, 2499, 1037, 2032, 2207, 1037, 1001, 257, 2032, 2535, 2648, 2499, 706, 2207, 2032, 1037, 2499, 706, 2207, 1037, 2499, 463, 2499, 2648, 3252, 3211, 2032, 706, 2207, 498, 3025, 2207, 3252, 3025, 2207, 1737, 2032, 2535, 1037, 2032, 706, 2207, 2499, 1037, 2812, 1037, 2269, 3863, 2207, 2032, 2032, 267, 102, 2032, 2535, 3025, 1037, 36, 2149, 1567, 2258, 2023, 35, 324, 2207, 2032, 1037, 3331, 2535, 3025, 1037, 2648, 2812, 365, 170, 2293, 4211, 2207, 706, 2032, 2032, 1100, 2032, 706, 2207, 324, 35, 1015, 2819, 3863, 170, 2876, 2032, 2499, 2648, 706, 2207, 3211, 2032, 2207, 2535, 3025, 1037, 2032, 2535, 3664, 1037, 2032, 706, 2207, 1037, 2535, 2032, 2535, 1037, 2499, 2535, 3025, 1037, 2032, 1037, 2499, 267, 2032, 2207, 2032, 706, 2535, 1037, 2032, 2207, 2812, 2032, 1037, 2648, 4319, 2032, 2535, 1037, 2499, 4348, 2149, 151, 1037, 2499, 2535, 2032, 2207, 3863, 2032, 706, 3570, 124, 2032, 1037, 2032, 3664, 2535, 1037, 2032, 4055, 2535, 3664, 4674, 1037, 2032, 2032, 2816, 3863, 102, 2032, 3211, 3863, 614, 2032, 2535, 1037, 3025, 4660, 2032, 2535, 1037, 4280, 2812, 2032, 2207, 2032, 2535, 3025, 1037, 2535, 1037, 2032, 2535, 3664, 1037, 968, 2535, 1037, 2032, 2535, 3664, 1037, 1037, 2032, 2535, 3025, 3605, 2032, 2535, 1037, 3762, 4280, 2032, 2535, 3664, 1037, 2032, 2899, 2032, 2207, 2535, 1037, 2876, 2032, 3762, 1713, 2032, 2032, 102, 2032, 4674, 4674, 2032, 2032, 2535, 3025, 2032, 2876, 2032, 2032, 410, 1074, 2535, 1037, 2032, 706, 2207, 2032, 2032, 706, 2207, 2032, 706, 2876, 3220, 4319, 706, 2207, 116, 4771, 3863, 2690, 4944, 2032, 4944, 4944, 324, 1713, 2032, 1109, 2032, 4944, 2032, 4944, 2032, 4944, 23, 2293, 706, 2207, 2207, 2535, 1563, 2494, 4944, 4114, 2876, 714, 1713, 2964, 2876, 4893, 2032, 2964, 4944, 4114, 2023, 2321, 2964, 2032, 2690, 4944, 3863, 1807, 3809, 267]"
717,"[82, 1950, 3938, 2420, 343, 3333, 1585, 693, 2360, 2192, 1389, 324, 1571, 3016, 324, 1389, 1205, 2377, 2222, 159, 82, 2361, 343, 1585, 693, 1205, 2377]"
718,"[1957, 1645, 888, 1487, 888, 888, 82, 1950, 2677, 1487, 2860, 1747, 1747, 1487, 82, 3000, 1487, 3114, 4357, 1957, 1614, 1487, 333, 382, 82, 329, 4890, 1903, 50, 50, 329, 1015, 4890, 1812, 1918, 200, 31, 82, 82, 1950, 82, 4890, 4890, 82, 644, 4890, 82, 644, 82, 1957, 4890, 1992, 1152]"
719,"[1864, 880, 3012, 357, 3555, 649, 649, 4276, 3819, 1415, 488, 3555, 3819, 3819, 1014, 3285, 1526, 2115, 3114]"
720,"[1030, 2143, 2371, 2143, 2143, 3133, 2143, 2143, 2371, 2143, 2453, 2143, 2143, 2280, 2143, 2143, 3837, 2143, 1990, 2955, 2371, 2143, 2371, 2143, 2143, 4567, 1010, 4053, 1010, 61, 2143, 4567, 2564, 1761, 4567, 2143, 2371, 4567, 2143, 4414, 4567, 2143, 4414, 4567, 2143, 3524, 1195, 4567, 2371, 2371, 2143, 2143, 4567, 4567, 2371, 2371, 4567, 2143, 4567, 2143, 2143, 4567, 2143, 2143, 1560, 4567, 2371, 4567, 4567, 2143, 4567, 2143, 337, 4567, 3436, 4567, 2143, 4567, 2314, 4567, 4567, 2143, 1735, 4567, 2143, 4567, 4567, 2143, 4567, 4567, 4154, 2143, 4414, 4567, 2016, 4567, 2143, 4567, 2143, 76, 2143, 4567, 2143, 4567, 4567, 2143, 4567, 2051, 2143, 4414, 4567, 305, 333, 2241, 406, 4567, 1740, 4567, 2143, 4718, 2143, 2143, 66, 5014, 66, 4930, 2143, 324, 2278, 3734, 2623, 5014, 4710, 66, 2143, 2143, 324, 5014, 2623, 66, 66, 2623, 5014, 66, 2143, 4718, 2143, 324, 2623, 207, 324, 66, 2143, 2148, 5046, 4875, 2143, 5047, 104, 2148, 2148, 5047, 104, 5014, 2143, 104, 5047, 2148, 5014, 2623, 66, 2143, 104, 2148, 104, 2148, 2623, 66, 2143, 104, 5047, 4710, 5014, 2623, 2143, 4718, 2143, 104, 5014, 2623, 4710, 104, 2148, 104, 5047, 104, 2148, 5014, 2143, 4718, 2148, 5047, 104, 3699]"
721,"[1974, 2913, 1974, 3361, 61, 1974, 2017, 1590, 3597, 4266, 1022, 4098, 62, 257, 4098, 3691, 3814, 3814, 1599, 1974, 4098, 61, 61, 3986, 169, 3814, 4266, 3814, 2481, 3814, 3265, 61, 2913, 3814, 82, 1851, 406, 3814, 3814, 363, 3814, 3265, 3814]"
722,"[1010, 3088, 3364, 3208, 2234, 3020, 4114, 3986, 1010, 61, 84, 4514, 2869, 84, 76, 458, 3364, 1010, 3436, 1807, 1599, 76, 2964, 61, 3038, 2671, 3653, 2711, 4458, 2859, 4893, 4458]"
723,"[1987, 2129, 2171, 510, 3514, 1987, 2716, 2872, 2872, 3514, 2872, 2872, 1385, 2038, 210, 3970, 4196, 2535, 2189, 83, 4711, 4711, 328, 4711, 516, 617, 4711, 1781, 4711, 4711, 1987, 1773, 406, 1381, 5048, 5053]"
724,"[1041, 324, 324, 2995, 2646, 1784, 2481, 2354, 3366, 2117, 2117, 324, 1659, 3691, 1188, 2117, 443, 324, 3993, 1528, 3993, 1599, 1599, 324, 611, 1599, 1599, 2167, 3993, 1659, 1920, 2326, 3372, 61, 3372, 3993, 2619, 3993, 1599, 3993, 3924, 4489, 3993, 1599, 3993, 1168, 1599, 3993, 1823, 381, 506, 2289, 443, 1166, 3993, 506, 66, 1988, 1729, 1711, 36, 506, 324, 3328, 580, 3691, 2289, 2619, 3993, 2289, 617, 3993, 3104, 499, 3993, 3993, 3924, 283, 3993, 791, 3993, 1729, 2739, 2164, 3993, 3993, 283, 3691, 283, 3993, 3924, 3993, 3113, 2483, 3993, 3993, 1077, 2619, 3993, 324, 3141, 4805, 3993, 3993, 2749, 2117, 3246, 3366, 3993, 3993, 2926, 2918, 3954, 580, 506, 3993, 2289, 3993, 2289, 3993, 3993, 3246, 3977, 3993, 3924, 2289, 3993, 2898, 3993, 2289, 3993, 3993, 1784, 2714, 4269, 2354, 3993, 3993, 1601, 1601, 3993, 2289, 3993, 3993, 2167, 3993, 3993, 1537, 3993, 3993, 4793, 1875, 3993, 2410, 3993, 2164, 2749, 3993, 1659, 3691, 3788, 4893, 1696, 499, 499, 2117, 506, 5053, 4861, 506, 2289, 3330, 3788, 2729, 2354, 403, 2357, 3993, 3993]"
725,"[1995, 2715, 1018, 2110, 4282, 443, 76, 4509, 3982, 4582, 3297, 3788, 2010, 2288, 2011, 2617, 2492, 1555, 4509, 1807, 2288, 3038, 3567, 4509, 4282, 2011, 4509, 4509, 812, 3272, 2865, 4509, 4282, 4509, 3982, 1848, 4282, 4509, 2972, 3120, 4509, 443, 4282, 4282, 4431, 806, 3679, 3887, 4509, 2011, 4582, 4509, 4282, 2939, 4282, 3265, 4282, 1576, 2110, 4509, 76, 4509, 1670, 2110, 4509, 4509, 4282, 4282, 2011, 4509, 4509, 2858, 2288, 4282, 2011, 4582, 3835, 2537, 2289, 4282, 2289, 4282, 4893, 266, 2939, 1659, 4282, 2289, 4431]"
726,"[1996, 2233, 1996, 2372, 1996, 1935, 2212, 2559, 2560, 2560, 2372, 2625, 897, 2634, 2635, 308, 2643, 2651, 2233, 504, 35, 324, 2278, 2635, 2748, 897, 897, 2750, 2751, 2559, 2752, 2560, 2372, 897, 2825, 394, 2635, 21, 2643, 2233, 1996, 2030, 324, 2635, 394, 2560, 2559, 2560, 2752, 2372, 2752, 2560, 2560, 2372, 2651, 3337, 2030, 2559, 2560, 2372, 2560, 2625, 897, 2651, 2233, 504, 1996, 3431, 1996, 2625, 2634, 3500, 308, 504, 2651, 2233, 2030, 3337, 1996, 2651, 897, 2634, 3561, 2825, 394, 2635, 2651, 2233, 1996, 2635, 1465, 2748, 1676, 897, 897, 2625, 2752, 2372, 2560, 2560, 2372, 504, 504, 3883, 2643, 2651, 2233, 3337, 3431, 2030, 1996, 21, 324, 324, 2278, 2635, 394, 897, 897, 2625, 2752, 2372, 2559, 2625, 2751, 897, 897, 2896, 2634, 3561, 308, 21, 2643, 2651, 2233, 3431, 324, 1313, 2635, 897, 897, 2560, 2372, 2625, 897, 2896, 897, 3561, 3500, 308, 21, 2233, 2030, 2560, 897, 897, 2634, 2635, 324, 308, 2643, 2651, 2233, 1996, 324, 2635, 897, 2560, 2372, 4126, 2372, 4126, 3500, 2634, 3561, 2896, 21, 2643, 2233, 2651, 1996, 4194, 707, 2269, 324, 35, 2635, 4126, 2372, 2559, 897, 3561, 21, 2643, 2651, 2233, 1996, 324, 2635, 2825, 897, 2560, 2560, 2372, 4126, 4126, 2560, 2625, 897, 2635, 2651, 3431, 2030, 2372, 2752, 4347, 2559, 2625, 897, 3561, 2635, 21, 2651, 2233, 2030, 1996, 3081, 2625, 2751, 897, 2635, 308, 2635, 897, 897, 2625, 2752, 4126, 2372, 2372, 4126, 2372, 4347, 2372, 2559, 4347, 4126, 2372, 3561, 897, 2896, 2825, 2635, 324, 3354, 2825, 897, 897, 2752, 2372, 4126, 4347, 2372, 4126, 2625, 2751, 897, 3561, 2825, 897, 2635, 324, 35, 98, 2643, 2233, 3337, 3337, 3081, 2559, 3896, 4347, 2752, 2372, 4126, 2752, 2372, 4126, 2372, 2372, 2752, 4126, 897, 2896, 3561, 2825, 2635, 308, 21, 2651, 2643, 2233, 2030, 1996, 2269, 324, 2278, 2635, 897, 2372, 4126, 2634, 897, 2896, 3561, 897, 2635, 324, 2269, 2643, 3337, 504, 2635, 897, 897, 2751, 2372, 2559, 4126, 4126, 2559, 4347, 2372, 4126, 2372, 4347, 2997, 504, 2651, 2233, 2030, 3337, 3431, 1996, 2752, 4347, 4126, 2372, 897, 2635, 257, 2643, 2651, 2233, 1996, 2635, 1465, 394, 2748, 2559, 1676, 4617, 4347, 897, 3561, 2635, 2643, 2651, 2233, 1996, 2278, 324, 3354, 2635, 394, 2748, 1676, 4126, 2372, 897, 2634, 2896, 3561, 2752, 2752, 4126, 1996, 3431, 3431, 4538, 1313, 3816, 4652, 4126, 2372, 2651, 2233, 1996, 192, 4444, 3827, 2752, 2372, 4126, 2372, 4126, 3561, 4668, 2372, 4126, 2625, 3561, 2825, 2559, 2372, 4126, 2372, 4347, 2752, 2372, 4126, 2625, 897, 3561, 2896, 2825, 2635, 1996, 2372, 4347, 2625, 2634, 2896, 3561, 394, 2635, 4668, 4126, 2372, 2559, 3561, 2896, 2825, 4668, 2233, 2030, 3337, 3354, 4668, 1676, 3896, 4617, 4347, 2752, 2372, 4347, 2372, 4126, 2372, 2752, 2559, 4347, 4751, 2559, 4347, 2372, 4126, 4347, 2559, 4617, 2559, 4347, 4126, 2372, 897, 3561, 394, 2635, 257, 308, 3500, 4617, 4347, 2559, 2752, 897, 2825, 2825, 394, 2635, 4347, 2752, 2372, 4126, 2372, 4126, 4668, 3431, 1996, 2635, 394, 2825, 897, 2750, 2751, 4347, 4126, 2372, 897, 257, 324, 2635, 4126, 2372, 897, 3561, 4668, 764, 4801, 2635, 394, 394, 897, 2752, 2372, 4347, 4126, 4617, 4668, 308, 3500, 2651, 2233, 1996, 2030, 3431, 2625, 4126, 4617, 2752, 2372, 4126, 2559, 2559, 2372, 4126, 2559, 2372, 2634, 897, 2896, 3561, 2825, 3500, 2233, 3431, 1996, 1996, 2825, 897, 2559, 4347, 4617, 2752, 2372, 4126, 4751, 2625, 897, 257, 2651, 2233, 2030, 3337, 3431, 1996, 2372, 4126, 2559, 4347, 4617, 4126, 2372, 4751, 4751, 4347, 4617, 2752, 4126, 2372, 4751, 2635, 4668, 308, 21, 2233, 2030, 1996, 2559, 2205, 4617, 4347, 4126, 2372, 4541, 2750, 2634, 2896, 3561, 2635, 4347, 4617, 2752, 2372, 4126, 4751, 2233, 1996, 3431, 2559, 4347, 2752, 2372, 4126, 3561, 2643, 4751, 2635, 4617, 2372, 2752, 4126, 2372, 4126, 2625, 897, 3561, 1996, 2559, 4347, 2752, 4617, 2372, 2372, 2233, 4126, 2233, 2559, 4347, 2752, 4617, 2372, 4126, 4751, 2233, 2233, 1996, 3431, 2372, 2643, 2233, 81, 4617, 4347, 2372, 4126, 4751, 897, 3561, 2643, 2651, 1996, 2643, 2651, 3500, 4347, 4126, 2372, 897, 2896, 3561, 308, 2643, 2651, 2559, 4617, 4347, 4126, 2372, 2634, 3561, 2233, 2651, 21, 3431, 3354, 2643, 2651, 2233, 2030, 4617, 4347, 2372, 4126, 2233, 1996, 3431, 4347, 2625, 2896, 3561, 2233, 1996, 2623, 324, 897, 2820, 4347, 4617, 2752, 4126, 4751, 2372, 3561, 2651, 5049, 4617, 2752, 4347, 4126, 4751, 897, 3500, 324, 2635, 3354, 394, 897, 2751, 2625, 4347, 2372, 4751, 2372, 4347, 4617, 4126, 5079]"
727,"[61, 2147, 349, 2147, 372, 1927, 370, 3290, 2698, 1139, 1015, 2147, 2147, 3734, 1151, 1988, 2698, 1988, 2147, 2715, 2715, 2147, 3265, 1119, 1530, 1151, 2147, 370, 1119, 2715, 711, 4028, 1816, 1682, 175, 1988, 1671, 3734, 2715, 2147, 2373, 324, 2147, 2882, 2430, 2715, 3679, 370, 3633, 1981, 3224, 1173, 4676, 2715, 370, 2147, 1745, 3835, 4028, 4542, 1729, 2470, 2660, 3200, 1010, 2168, 4501, 1745, 4028, 1711, 2230, 1557, 293, 1325]"
728,"[1864, 2402, 3316, 2402, 2402, 3700, 2402, 2402, 4243, 2402, 4243, 257, 1730, 2402, 4243, 4243, 54, 4436, 1120, 4589, 4243, 4243, 2271, 4243, 4243, 2402, 2402]"
729,"[1956, 826, 1445, 23, 2909, 3246, 1165, 3363, 1456, 3782, 3640, 1863, 3183, 3787, 3223, 3372, 61, 3343, 2927, 3628, 3290, 908, 3787, 2212, 3681, 2500, 3223, 3115, 3363, 3954, 1956, 31, 2212, 3038, 5019, 2153, 4102, 3194, 2861, 1956]"
730,"[2025, 2027, 590, 897, 324, 2375, 2025, 2027, 4276, 2027, 2163, 3052, 1559, 2163, 2163, 2025, 2027, 2025, 2027, 60, 4796, 4014, 897, 943, 2163, 897, 4796, 4796, 897, 4652, 4796, 897, 4652, 4796, 897, 2025, 897, 897, 4652, 897, 897, 4652, 4796, 4652, 394, 226, 4652, 4796, 897, 4652, 4652, 897, 897, 4652, 4652, 4796, 394, 897, 4796, 897, 3467, 2336, 422, 4796, 897, 4652]"
731,"[2026, 2868, 2889, 2026, 2946, 868, 102, 3182, 1475, 2946, 3552, 2946, 2946, 3182, 324, 2946, 3182, 2946, 2026, 1256, 2693, 2946, 2902, 2946, 231, 102, 868, 2946, 2946, 3944, 1685, 443, 2671, 36, 3053, 3944, 2946, 2026, 102, 2946, 4604, 868, 498, 102, 443, 2834, 4365, 249, 443, 102, 2946, 3053, 2846, 4604, 3182, 2026, 2946, 3371, 2060, 2026, 102, 4604, 4604, 3618, 2946, 3182, 1427, 2026, 2026, 260, 4604, 1213, 3084, 2946, 4604, 3552, 2946, 3182, 324, 3959, 868, 3944, 3857, 3182, 1571, 2946, 2946, 4604, 3182, 3182, 2946, 2026, 2946, 2946, 2609, 1325, 2946, 4604, 3552, 4604, 4604, 2946]"
732,"[2035, 1864, 3110, 2035, 3110, 3110, 2035, 4087, 3110, 4087, 3110, 3110, 3681, 3110, 4087, 3110, 1565, 3202, 3110, 2035, 4087, 579, 580, 3110, 3110, 1760, 3110, 716, 3681, 4087, 3681, 1822, 3110, 2035]"
733,"[1864, 2108, 2108, 1170, 2108, 2108, 1018, 12, 257, 2108, 2108, 324, 2108, 2108, 1170, 2108, 2108, 1170, 2163, 257, 1876, 2935, 2108, 257, 357, 1566, 455, 257, 1170, 1170, 2163, 4098, 257, 1307, 2887, 1170, 1170, 257, 2108, 2108, 221, 2108, 3534, 1170, 257, 2108, 1876, 257, 257, 1170, 3585, 257, 1170, 1170, 1935, 1170, 4279]"
734,"[61, 293, 1540, 1020, 293, 1405, 3074, 3551, 1717, 2305, 3884, 2716, 1540, 1364, 293, 4254, 1541, 3079, 3760, 1781, 3520, 4121, 4179, 2293, 1392, 4121, 911, 1638, 1042, 324, 102, 1541, 2293, 1392, 1540, 3551, 1540, 1540, 4430, 1540, 1392, 1576, 1540, 1540, 4430, 1638, 2294, 4430, 1541, 3551, 2293, 3760, 2293, 1638, 1638, 1609, 4430, 1540, 3551, 1540, 4402, 324, 324, 4430, 2293, 3794, 1540, 1540, 293, 3271, 1541, 1540, 2293, 3592, 2293, 1540, 4951, 4951, 3592, 3931, 1219, 4951, 4951, 510, 2293, 3218, 1042, 4951, 324, 4951, 1540, 1781, 799, 960, 2293, 3218, 4951, 1540, 1540, 4951, 510, 2488, 4086, 510, 1540, 4951, 3336, 3271, 1638, 1540, 4211, 4951, 2293, 3271, 3271, 1540, 4951, 3794, 4951, 510, 2488, 2293, 1540, 1576, 337, 293, 1638, 2293, 1638, 3074]"
735,"[1864, 1559, 897, 897, 324, 897, 1018, 897, 897, 324, 1018, 324, 897, 324, 324, 897, 897, 324, 897, 897, 324, 324, 897, 897, 324, 1576, 324, 897, 897, 324, 324, 897, 324, 324, 897, 897, 324, 324, 897, 897, 324, 324, 897, 324, 1018, 324, 897, 897, 324, 897, 897, 324, 324, 897, 897, 324, 324, 897, 897, 324, 324, 897, 897, 324, 897, 324, 324, 897, 897, 324, 324, 897, 324, 1018, 897, 324, 324, 4589, 897, 324, 324, 897, 324, 897, 897, 324, 324, 897, 897, 324, 897, 324, 324, 897, 1018, 1, 897, 324, 324, 897, 324, 324, 897, 324, 324, 2163, 324, 324, 897, 897, 324, 394, 897, 4796, 378, 4801, 897, 324, 897, 324, 324, 897, 324, 897, 324, 897, 897, 324, 324, 897, 324, 324, 897, 324, 324, 897, 324, 324, 2998, 1018, 2163, 897, 324, 897, 897, 324, 897, 324, 324, 897, 897, 324, 897, 324, 897, 324, 897, 324, 897, 897, 1018, 324, 3432, 1018]"
736,"[1842, 2589, 2667, 807, 2589, 2589, 207, 3233, 3261, 807, 2589, 3233, 1236, 2589, 1842, 213, 1074, 213, 2589, 1842, 207, 1842, 2188, 2589, 1236, 2589, 2667, 1842, 1842, 2667, 2589, 2589, 597, 2589, 2667, 2589, 1842, 2589, 1842, 1842, 2667, 2589, 213, 1842, 1842, 2667, 1842, 2589, 377, 1997, 1842, 1074, 213, 2589, 1842, 1842, 2589, 1236, 1842, 1842, 2589, 1842, 1842, 2589, 1842, 2589, 1236, 2751]"
737,"[2070, 2074, 2073, 2177, 2178, 2219, 2220, 2220, 2219, 2342, 2343, 2367, 2168, 2368, 2376, 2342, 2070, 2168, 1157, 2367, 2397, 1670, 2541, 2368, 2070, 2549, 2548, 2168, 2168, 2368, 1157, 2367, 2597, 2177, 2178, 1659, 2679, 2668, 2220, 2219, 2342, 2764, 2367, 2070, 2168, 2397, 1157, 2368, 2220, 2376, 2343, 2893, 2074, 310, 310, 1578, 2925, 2168, 2367, 2070, 2073, 1166, 2343, 2073, 2893, 2368, 2397, 2674, 3129, 2893, 2074, 2367, 2168, 1157, 2070, 2073, 2368, 2397, 2367, 2168, 2368, 2397, 2070, 2073, 2597, 2219, 2178, 2220, 1955, 2168, 2367, 1157, 2397, 2070, 2368, 2342, 3129, 1670, 3111, 2070, 2177, 2178, 2597, 2073, 2893, 2219, 2541, 1279, 2367, 2070, 3129, 2168, 2177, 2597, 2178, 1955, 377, 1157, 2893, 2342, 2342, 2893, 2397, 3678, 2343, 2376, 2073, 2074, 2893, 2367, 2070, 2168, 2177, 2597, 2178, 3597, 187, 268, 2474, 2923, 2342, 2343, 2368, 2376, 3129, 2070, 2070, 2368, 2168, 2070, 2168, 2168, 2073, 2367, 2893, 3129, 1157, 2342, 2367, 2168, 2397, 2074, 2548, 2368, 2177, 2178, 2597, 2342, 2070, 1157, 3941, 2477, 2367, 2168, 3597, 2597, 2220, 2219, 2597, 2073, 2367, 2070, 2219, 2177, 2178, 2178, 2597, 2220, 2368, 2893, 3129, 3670, 3232, 2894, 1786, 2177, 2367, 2597, 2168, 2073, 2070, 2597, 2177, 2168, 2597, 2070, 3597, 1343, 2177, 2219, 3732, 2220, 2177, 2178, 3597, 2367, 2177, 2597, 2168, 2367, 2342, 3129, 2168, 2177, 2177, 2368, 1157, 2597, 2342, 2073, 2343, 2073, 2367, 2177, 2168, 2367, 1157, 2070, 2397, 2368, 2219, 2219, 2220, 2893, 2342, 2893, 3056, 2674, 2343, 2017, 4273, 2367, 2397, 2367, 2070, 4309, 1157, 2070, 2367, 2168, 2073, 2177, 2168, 2367, 2177, 2597, 2220, 2219, 2070, 2168, 2397, 1157, 3129, 1157, 690, 778, 2168, 2368, 2073, 2367, 2074, 2376, 2070, 2367, 2342, 3129, 2893, 2168, 2343, 2177, 2397, 2070, 1157, 2397, 2177, 3271, 1540, 2070, 151, 2367, 2397, 2074, 2070, 2177, 2597, 2178, 2219, 2376, 3129, 2342, 2073, 2168, 2367, 2177, 2073, 1157, 2368, 3129, 3129, 2893, 2397, 2548, 2342, 2074, 2703, 2476, 474, 3129, 2548, 1157, 2131, 2367, 2070, 2073, 3129, 2074, 2343, 2893, 2168, 2070, 1157, 3129, 2397, 2368, 2073, 2074, 2376, 2168, 2368, 2367, 2070, 2177, 2219, 1955, 3225, 2178, 2659, 2168, 2070, 2367, 2397, 2070, 2073, 2168, 1157, 2376, 2397, 2368, 2074, 459, 1078, 61, 3986, 2168, 1157, 2070, 2397, 2073, 2598, 3129, 2893, 2074, 2342, 2343, 2376, 1157, 2367, 2764, 2308, 2168, 2070, 2073, 2397, 2168, 2367, 2073, 2397, 2070, 3129, 1157, 2074, 2168, 2368, 2376, 2342, 4273, 2368, 2343, 2893, 2343, 2548, 4273, 2168, 2549, 2367, 2893, 2070, 2168, 2893, 2397, 2168, 2074, 2342, 1157, 2131, 2017, 4722, 2073, 2548, 2549, 2000, 4722, 1166, 2598, 3175, 59, 2342, 187, 4727, 2397, 2367, 2168, 2073, 2070, 2367, 2368, 2342, 2397, 3129, 2367, 2893, 2548, 2376, 2074, 2168, 2764, 2367, 59, 2073, 2168, 2342, 2367, 2893, 2397, 2070, 2073, 4309, 2368, 2073, 1157, 2168, 2070, 2367, 3129, 2397, 2070, 2168, 2397, 2368, 3129, 2342, 2168, 1157, 2368, 2073, 2048, 11, 4538, 1379, 4489, 2367, 2168, 1157, 2070, 2397, 2368, 2073, 2074, 2342, 2548, 2397, 2367, 2168, 2070, 1157, 2131, 2893, 2343, 2376, 3129, 4727, 4273, 2168, 2073, 1157, 2070, 2367, 2367, 2168, 2070, 2397, 2073, 2342, 2343, 4722, 2893, 2343, 2074, 3129, 4722, 2070, 2376, 2367, 2070, 2073, 2168, 2070, 2074, 2343, 1157, 2893, 2342, 2368, 1925, 2168, 4273, 2397, 2367, 3129, 2073, 2168, 2367, 2168, 2070, 2073, 2000, 2367, 3129, 2131, 2376, 2070, 2367, 2168, 2368, 2397, 2070, 2074, 4722, 2342, 2131, 2764, 2131, 4727, 59, 2893, 2549, 1528, 2289, 2070, 2367, 3129, 2168, 1157, 2368, 2074, 2893, 2131, 4722, 1166, 2343, 2548, 2017, 2367, 2168, 2368, 1157, 2073, 2397, 2070, 3129, 2073, 2397, 2893, 2074, 2342, 3436, 2367, 2168, 2367, 1157, 2070, 3129, 2397, 2073, 2376, 2368, 2074, 2893, 2548, 2070, 4727, 3129, 2342, 4273, 2368, 2376, 2893, 2073, 2074, 2397, 2342, 2073, 2070, 2893, 2548, 2368, 2070, 1745, 3129, 4722, 1157, 2548, 2342, 2368, 2376, 2343, 2367, 2168, 1157, 2070, 2397, 2074, 2070, 2073, 2131, 2168, 2367, 2070, 2073, 2397, 3129, 2368, 4722, 2367, 2168, 2070, 1157, 2073, 2074, 2376, 2893, 2367, 2168, 1157, 2070, 2073, 2342, 2397, 2368, 2397, 2074, 4727, 2070, 2367, 2367, 1157, 2168, 2368, 2397, 2074, 1157, 2376, 2397, 4727, 2131, 43, 1078, 2168, 2367, 2070, 1157, 2073, 3129, 2168, 2367, 2074, 4722, 2397, 2548, 2168, 4727, 2893, 2376, 69, 2367, 2168, 1157, 2073, 3129, 2893, 2342, 4722, 3022, 2074, 2343, 2548, 3129, 2368, 2074, 93, 2290, 2548, 4722, 4727, 2074, 2893, 3022, 3129, 2367, 4727, 4814, 2168, 2368, 2342, 3129, 2548, 2070, 2397, 2859, 2074, 2893, 2376, 4814, 2367, 2168, 4722, 2073, 2893, 2168, 2073, 4722, 1157, 2397, 2342, 3129, 4722, 3213, 93, 1103, 4727, 2342]"
738,"[2071, 1100, 1104, 2249, 2401, 175, 2071, 2071, 200, 2849, 2401, 3401, 3404, 2071, 2071, 3466, 1104, 1100, 2849, 2401, 2071, 2071, 2401, 2071, 2071, 2849, 2849, 2249, 2071, 328, 2071, 175, 1952, 2849, 2401, 2071, 2071, 2401, 328, 2849, 2071, 2401, 2071, 2849, 1100, 3035, 777, 2849, 2849, 2071, 2849, 2071, 2071, 2401, 2071, 2401]"
739,"[517, 131, 2596, 517, 517, 2007, 517, 416, 1465, 2596, 3718, 3718, 2596, 2596, 517, 2212, 517, 2596, 3718, 517, 2596, 2596, 517, 491, 2596, 3718, 517, 3718, 2596, 2277, 2277, 3718, 517, 2596, 2596, 3718, 517, 2293, 3718, 2596, 3718, 2596, 3718, 3213, 1743, 1576, 3058, 3718, 517, 249, 2596, 1743, 2542, 1829, 3718, 3718, 517, 2596, 3718, 3718, 2596, 3718, 517, 2596, 3718, 517, 2293, 337, 517, 2500, 2596, 3718, 517, 3718, 2596, 517, 3718, 2596, 3718, 2277, 2277, 2596, 3718, 2277, 3213, 84, 23, 138, 1015, 249, 442, 2443, 337, 1682, 2845, 3718, 1545, 517, 31, 2596, 2277, 598, 2596, 2596, 517, 2596, 517, 2596, 2596, 3887, 2277, 2596, 517, 2596, 3718, 2596, 3677, 3718, 517, 2596, 517, 2596, 2437, 517, 1545, 517, 517, 2596, 2596, 3604, 517, 4663, 517, 2241, 357, 2596, 2277, 4663, 2626, 2596]"
740,"[845, 2721, 1475, 889, 26, 3366, 2971, 2530, 2971, 2971, 1168, 3291, 1555, 2971, 2971, 1555, 2971, 2971, 1417, 2971, 292, 2673, 292, 2971, 292, 1555, 292, 2971, 292, 292, 4684, 292, 292, 1555, 1662, 4684, 292, 4684, 292, 292, 4684, 4684, 292, 3791, 292, 4684, 4684, 2971, 4684, 4684, 831, 3223, 4684, 1555, 4684, 4684, 1555, 4684, 4684, 3730, 3749]"
741,"[2084, 151, 2084, 2084, 3194, 2084, 2084, 151, 2084, 2084, 3730, 2084, 2084, 1075, 332, 4145, 4145, 2280, 2084, 2084, 2047, 2293, 337, 2305, 2084, 3653, 2084, 2084, 1548, 2084, 2084, 151, 2084, 2010, 4598, 4542, 2084, 3213, 2084, 76, 2084, 2084, 249, 2084, 2084, 249, 2114, 151, 2084, 777, 2084, 2495, 2084, 2912, 2084, 2669, 2084, 3079, 2084, 2762, 2084, 2084, 226, 226, 151, 2084, 1612, 2084, 446, 2084, 151, 2084, 2084, 3102, 2943, 2084, 324, 2084, 226, 1632, 2084, 2164, 2669, 494, 1451, 2084, 2084, 2912, 3213, 2084, 2912, 3194, 3469, 31, 2084, 2084, 3224, 2084, 2084, 3074, 2084, 5049, 446, 151, 2084, 2669, 226, 2084, 2084, 3213, 277]"
742,"[2098, 1148, 2098, 2977, 2438, 2098, 2098, 2438, 2098, 2098, 129, 3026, 129, 2438, 2098, 169, 2098, 169, 2438, 82, 82, 2098, 2438, 2098, 2098, 1148, 129, 2098, 2098, 2438, 169, 249, 1197, 169, 2438, 2098, 169, 129, 4401, 129, 129, 2098, 357, 2241, 129]"
743,"[2105, 2105, 91, 280, 4176, 2105, 2105, 280, 142, 2105, 3748, 1614, 280, 443, 2105, 280, 2105, 280, 2878, 3350, 2105, 280, 4176, 2105, 2105, 3446, 2105, 280, 280, 3304, 280, 280, 2278, 280, 2105, 3077, 280, 3077, 280, 1381, 280, 280, 2105, 280, 3304, 2105, 3491, 2105, 2105, 2806, 4176, 2806, 2105]"
744,"[2109, 2109, 1075, 2109, 3442, 2109, 3083, 2109, 2109, 1165, 2109, 2109, 4065, 2109, 2833, 2109, 2109, 2858, 312, 2109, 1018, 2109, 2109, 1018, 2109, 2109, 369, 2109, 4379, 2109, 2109, 4065, 2109, 2109, 3442, 2109, 2109, 4893, 2109, 61]"
745,"[2116, 2798, 2798, 1219, 2798, 2798, 3577, 2798, 3577, 2798, 2798, 3577, 2798, 3577, 3577, 2798, 3577, 2798, 3577, 2798, 2116, 3609, 2798, 2798, 3577, 2116, 3577, 2798, 3577, 3577, 2798, 36, 2798, 2798, 2116, 3546, 3577, 2116, 4319, 3546, 2116, 3577, 3546, 3065, 3546, 3546, 3577, 2116, 2626, 3546, 3546, 3577, 3577, 3546, 3577, 2116, 3546, 3577, 3577, 2492, 3546, 549, 3185, 3546, 36, 984]"
746,"[2126, 2126, 2981, 2981, 1256, 2126, 2801, 2126, 2126, 95, 2126, 1256, 324, 2126, 2126, 2981, 1256, 2126, 2126, 95, 2126, 2981, 2126, 2126, 2981, 2126, 2126, 2981, 2126, 2981, 2126, 2985, 2126, 2126, 4761, 2126, 2126, 2981, 1469, 2126, 2126, 324, 2126, 2126, 95, 2981, 2126, 2126, 95, 2981, 2126, 2126, 2981, 2981, 2126, 2126, 406, 2126, 2126, 2981, 2126, 2126, 1046, 2126, 95, 2126, 1046, 95, 2126, 2126]"
747,"[2139, 2139, 545, 1967, 3294, 2139, 2481, 1729, 2595, 1680, 2139, 2919, 3902, 2139, 4100, 3294, 1729, 4183, 4023, 406, 82, 2139, 1659, 2139, 2139, 441, 2139, 3902, 1749, 292, 277, 1967, 3291, 3123, 2139, 2139, 1686, 3150, 2139, 3212, 3150, 3491, 2139, 2139, 1530, 1530, 1778, 2139, 1711, 2139, 1873, 545, 3324, 4100, 1346, 2139, 3902, 2139, 3902, 1988, 2139, 61, 2139, 3877, 3284, 2139, 1659, 2139, 3284, 2139, 2139, 2939, 2939, 2139, 1762, 2139, 3902, 2139, 2139, 3118, 2139, 2139, 1967, 3677, 2139, 2139, 4183, 1346, 1680, 2139, 3249, 2139, 4028, 3284, 986, 3902, 3284, 2139, 2083, 3249, 2139, 3902, 2483, 1729, 4028, 3038, 3249, 2939, 226]"
748,"[2145, 2145, 3008, 403, 2210, 666, 2145, 2145, 1907, 2145, 506, 2145, 666, 2145, 666, 666, 2145, 2145, 2459, 1716, 2145, 3786, 2145, 506, 2170, 1797, 151, 611, 506, 2145, 2145, 666, 2459, 2145, 3689, 2145, 226, 2145, 2512, 2145, 690, 506, 4507, 499, 666, 666, 226, 666, 971, 2145, 3456, 506, 2145, 666, 666, 506, 324, 506, 2145, 666, 2145, 666, 2481, 1147, 2038, 666, 2145, 506, 666, 2145, 666, 1147, 666, 2145, 2706]"
749,"[2151, 2327, 2327, 2151, 2327, 2151, 833, 2327, 2151, 2327, 2151, 2151, 2327, 2151, 2151, 2327, 2327, 2151, 2327, 2151, 2327, 2227, 1873, 2151, 3526, 1704, 833, 2327, 2151, 2327, 761, 2327, 2151, 2327, 833, 2273, 2327, 833, 2151, 1018, 2474, 2151, 2327, 833, 2151, 833, 180, 3865, 2327, 833, 2151, 2273, 2327, 2151, 4540, 3865, 2327, 1704, 2151, 2273, 2327, 1386, 2151, 4540, 36, 2477, 2327, 2151, 1036, 249, 2273, 2327, 2273, 2327, 833, 180, 1704, 1015, 2327, 2273, 833, 833, 2327, 2151, 4659, 833, 2327, 833, 1704, 3018, 61, 1704, 2327, 2151, 2151, 1252, 2151, 2327, 1773, 2327, 2151, 4306]"
750,"[61, 2330, 2330, 324, 2805, 2330, 2805, 2330, 2330, 3169, 2330, 2330, 2805, 324, 2330, 889, 2330, 1145, 2805, 2659, 1576, 3871, 1417, 384, 2805, 2330, 2805, 2805, 1145, 2330, 2805, 18, 3092, 2330, 2330, 2921, 2572, 249, 2805, 2805, 2330, 2805, 3656, 2805, 2330, 324, 82, 3212, 2805, 1761, 2330, 2805, 2503, 3773, 3773, 2330, 2330, 2341, 2330, 2805, 950, 2330, 4457, 2330, 2805, 1707, 2805, 2805, 3286, 134, 2805, 2330, 1015, 1563, 2494, 3098, 2330, 2330, 2805, 2330, 2805, 2330, 324, 324, 3264, 1538, 2805, 1873, 36, 3812, 2805, 4335, 2330, 1873, 4667, 2805, 2430, 2805, 1576, 2245, 1493, 1576, 2330, 2330, 2805, 4667, 324, 2805, 2805, 2245, 82, 2245, 151, 2805, 2245, 2245, 2805, 2694, 2245, 4893]"
751,"[2188, 2195, 2195, 1750, 443, 1041, 2252, 2195, 2195, 2188, 443, 337, 2516, 2840, 1090, 2195, 2195, 443, 1041, 1528, 1520, 2195, 2195, 557, 2195, 2188, 2195, 2188, 545, 2195, 2195, 3444, 2188, 3481, 2277, 2195, 3539, 2840, 1090, 3580, 3132, 443, 2736, 151, 1823, 2840, 2195, 2195, 443, 2047, 1746, 2714, 3871, 2188, 3481, 3481, 2277, 3296, 2195, 2195, 3085, 3481, 2277, 3964, 1086, 3481, 3964, 1086, 2188, 3964, 2195, 2195, 3964, 1086, 2195, 2195, 3296, 1990, 3714, 4151, 3518, 2188, 3407, 2195, 3407, 3964, 2195, 3580, 1090, 1086, 3518, 2188, 3407, 3964, 2195, 2195, 3296, 2195, 2195, 3964, 2195, 4276, 3964, 3085, 3407, 3232, 2195, 2195, 175, 2195, 3964, 2188, 175, 1632, 3964, 3518, 2188, 175, 2195, 443, 1041, 1123, 2119, 3407, 3964, 2195, 2195, 3043, 76, 2326, 2188, 3407, 3964, 2195, 2195, 1123, 495, 4436, 2188, 3407, 2195, 2195, 2188, 3407, 3964, 2195, 2195, 3533, 3905, 3085, 3481, 2277, 3886, 2195, 2188, 175, 443, 1041, 2840, 3964, 2195, 2195, 1086, 2188, 3407, 2195, 2195, 3882, 3964, 2195, 2195, 3964, 1086, 2188, 3964, 2887, 4185, 2195, 2195, 3886, 443, 1041, 4151, 2195, 2195, 3407, 3964, 2188, 3964, 2195, 2195, 3407, 1202, 311, 1659, 2188, 2195, 249, 3964, 2195, 2195, 3080, 3677, 3964, 3964, 1745, 1832, 3964, 2195, 3964, 3964, 2195, 1576, 3964, 2195, 2195, 151, 1077, 3964, 1734, 1077, 3964, 337, 3407, 2195, 2195, 2188, 3481, 3481, 1041, 337, 2195, 3481, 443, 1041, 1832, 1041, 2195, 2933, 1041, 4266, 2195, 2195, 2933, 2195, 2955, 3481, 2888, 2195, 1041, 2188, 2195, 2919, 2347]"
752,"[908, 1659, 1899, 1576, 3273, 908, 245, 1484, 1459, 473, 3146, 102, 2618, 3097, 4269, 253, 1904, 245, 1374, 151, 131, 1459, 2477, 2477, 845, 908, 3760, 1596, 4422, 1974, 2284, 2834, 249, 2690, 245, 253, 3045, 1848, 3359, 102, 1445, 2618, 4801, 2899, 4674, 29, 3409, 1724, 1445, 2881, 3567, 249, 1889, 3038, 4893, 2626, 5019, 4088, 3371, 1724, 3324, 1777]"
753,"[1322, 2232, 1553, 2866, 2537, 1306, 1534, 3709, 1534, 1534, 1306, 226, 1534, 1306, 3633, 1534, 3709, 267, 4088, 267, 267, 1475, 1306, 1306, 821, 1306, 1306, 2537, 1306, 1306, 3414, 1707, 3092, 2953, 1659, 1306, 2537, 1534, 1306, 1528, 1306, 2537, 1528, 1528, 3709, 1520, 1819, 2537, 2448, 1306, 2326, 2537, 2537, 2866, 4372, 1306, 3207, 2537, 2326, 2716, 3207, 1553, 727, 727, 285, 2879, 1892, 4010, 727, 727, 4387, 102, 2958, 3965, 2471, 2499, 3353, 1202, 2471, 2471, 76]"
754,"[213, 3002, 1665, 151, 2531, 1520, 3595, 3783, 3783, 377, 3783, 4179, 1925, 1166, 3660, 3783, 460, 2388, 4664, 2388, 4664, 2577, 4664, 2388, 4664, 848, 2388, 4664, 2576, 2462, 213, 2388, 4664, 2388, 2576, 4664, 2388, 4664, 2576, 2388, 4664, 31, 2388, 4664, 2388, 4664, 2388, 4664, 3783, 2388, 4664, 2576, 4664, 4664, 324, 2388, 4664, 2576, 2388, 4664, 2388, 4664, 3783, 4664, 983, 3783, 2388, 4664, 983, 2388, 4664, 2388, 4664, 2576, 324, 333, 2711, 4664, 983, 2388, 4664, 4664, 3783, 2388, 4664, 2388, 3783, 897, 3783, 2388, 983, 2388, 2388, 4664, 2196, 3783, 2388, 2388, 4664, 4664, 2196, 2388, 28, 2388, 983, 4664, 249, 5026, 4664, 129, 4664, 3783, 4664, 2196, 1754, 2388, 5026, 5026, 3783, 2196, 4664, 4664, 406, 2196, 3783]"
755,"[2236, 2236, 394, 2236, 2236, 1550, 2236, 2236, 1272, 394, 1018, 2236, 2236, 5077]"
756,"[2239, 300, 159, 3105, 2239, 2239, 3105, 176, 1183, 2654, 1805, 1183, 2239, 1257, 2239, 2239, 1170, 2585, 2585, 2239, 2585, 2239, 2585, 2239, 2239, 4544, 2239, 2239, 159, 3604, 4544, 1598, 4600, 4544, 4544, 2239, 1652, 3105, 159, 1598, 2239, 2239, 4600, 3105, 2239, 4801, 1183, 3105, 176, 4600, 4600, 3146, 4600, 2239, 2239, 4600, 2239, 1591, 1598, 4600, 2239, 2239, 4600, 4600, 1170, 2996, 1652, 1170, 4600, 4600, 2239, 2197, 89, 1061, 4600, 89, 2239, 4600, 4600, 89, 89, 2197, 2239, 89]"
757,"[2250, 2259, 434, 249, 249, 2259, 2904, 226, 249, 2470, 3027, 1445, 102, 2250, 2904, 2259, 2259, 796, 3153, 2259, 2250, 2904, 2904, 1170, 2250, 1139, 1075, 249, 3397, 2005, 1100, 1528, 1075, 2904, 2250, 2259, 3185, 2250, 2904, 2250, 2250, 3568, 3568, 2250, 2632, 151, 1100, 152, 463, 170, 2904, 2250, 2259, 2904, 2250, 2513, 2250, 226, 249, 2250, 2904, 1075, 2718, 1308, 2250, 2259, 249, 549, 434, 434, 249, 102, 2904, 2250]"
758,"[771, 2612, 31, 920, 210, 739, 739, 1087, 3816, 4248, 2513, 1904, 406, 2583, 249, 170, 2624, 1484, 3528, 1561, 4248, 5048, 102, 249, 1685]"
759,"[1503, 1141, 2963, 2963, 147, 1503, 2963, 1141, 159, 147, 147, 1503, 2963, 3584, 147, 269, 1576, 1503, 159, 1503, 1183, 1183, 176, 147, 1503, 1141, 1503, 1183, 147, 2192, 159, 147, 176, 1183, 1183, 1503, 3107, 2963, 2963, 257, 207, 159, 147, 257, 207, 147, 1030, 1030, 1503, 257, 257, 4480, 1503, 1503, 4480, 1503, 4480, 4480]"
760,"[23, 2003, 2535, 3073, 3282, 3437, 2921, 61, 3773, 2908, 3282, 2921, 2294, 328, 2908, 1700, 3325, 2921, 3282, 4125, 370, 3282, 1904, 3282, 4667, 3325, 1292, 4494, 1998, 4494, 172, 3773, 102, 249, 3997, 249, 3282, 3601]"
761,"[2064, 2269, 2273, 443, 1707, 170, 2269, 2631, 2993, 3154, 2993, 2993, 3053, 2993, 3298, 1698, 2993, 3154, 2993, 1698, 2993, 2064, 2631, 2993, 2993, 1698, 3154, 3154, 2993, 3154, 3154, 2993, 2993, 3154, 3154, 2004, 3154, 1698, 2993, 3154, 2631, 3154, 1698, 2993, 3154, 3154, 2004, 2993, 406, 984, 1698, 3154, 3154, 1698, 3154, 3154, 1698, 2993, 3154, 3154, 1698, 3154, 2993, 2993]"
762,"[2277, 324, 2292, 1818, 2292, 2292, 324, 1818, 4840, 226, 226, 4854, 324, 4858, 4840, 4858, 4840, 4840, 690, 4872, 4854, 4858, 4840, 4872, 690, 4854, 4854, 4872, 690, 4872, 690, 4858, 4840, 4854, 4872, 4872, 690, 4840, 4858, 2055, 4840, 4858, 1543, 4840, 4854, 4872, 4858, 4858, 4840]"
763,"[377, 1759, 3279, 1456, 324, 2890, 364, 3197, 456, 887, 69, 337, 1576, 4189, 3197, 3830, 4513, 1018, 3197, 3830, 899, 324, 2537, 1030, 3830, 4513, 1189, 2553, 1678, 324, 2553, 1635, 3830, 1237, 3079, 324, 226]"
764,"[1638, 2477, 2887, 2340, 363, 2457, 443, 1015, 2550, 1555, 4135, 2673, 84, 1873, 2879, 23, 1659, 611, 2457, 4433, 2879, 4504, 669, 3837, 848, 983, 1659, 3359, 3078, 2190, 4135, 3270, 4926, 1747, 1572]"
765,"[2294, 2619, 175, 3521, 3601, 61, 3521, 3095, 3521, 406, 3521, 1217, 4540, 1548, 3521, 3521, 2921, 3521, 3521, 2347, 3521, 3601, 4540, 3095, 151, 3521, 3521, 2896, 4540, 151, 1191, 1215, 249, 3521, 2442, 151, 3521, 406, 3521, 4540, 3521, 2321, 2273, 3098, 1577, 3521, 4314, 61, 61, 2820, 3521, 5078]"
766,"[1777, 443, 82, 2453, 2553, 357, 31, 2879, 1555, 1729, 2859, 0, 76, 3197, 2001, 2038, 292, 36, 249, 1791, 1307, 1526, 574, 402, 1383, 1308, 3567, 1614, 3545, 3104, 2722, 3197, 1766, 2176, 357, 2865, 3377, 1454, 1643, 2674, 2674, 1526, 249, 1173, 78]"
767,"[2310, 2539, 1173, 1173, 3760, 1807, 1807, 1873, 860, 4512, 3619, 3786, 1659, 1807, 4754, 1382, 1638, 4912, 1925, 3260, 2660, 61, 4512, 4912, 1988, 2387, 324]"
768,"[2311, 2046, 2311, 1112, 61, 2500, 1941, 402, 1941, 2311, 2010, 3757, 2964, 3937, 1670, 3937, 1668, 2045, 1941, 310, 2311, 4764, 4764, 18, 1668, 1941, 3231, 2045, 1807, 1018, 4764, 3447, 3937, 1941, 3231, 4764, 371, 4893, 3231, 2311, 3231, 1701, 3095, 4764, 5078]"
769,"[375, 2519, 3905, 2312, 3322, 2817, 1976, 3169, 3749, 1221, 3308, 4797, 3169, 3206, 3650]"
770,"[2332, 2333, 2332, 2332, 4275, 2271, 2271, 2332, 2333, 2332, 4275, 2332, 2333, 2332, 2332, 2333, 2332, 2333, 2332, 4275, 2332, 2271, 4589, 2333, 2332, 2332, 2333, 2332, 2332, 4275, 2332, 2332, 4275, 2332, 4275, 2332, 4275, 2332, 4275, 2332, 4275, 2333, 2333, 2332, 4275, 2332, 2332, 2333, 2332, 2333, 2332, 4275, 331, 2333, 2332, 2333, 2332, 2332, 4275, 4275, 2332, 2333, 4275, 2332, 2332, 4275, 4314, 2332, 4275, 2332, 4275, 2333, 4275]"
771,"[2339, 2339, 482, 2339, 2339, 3214, 680, 3181, 3601, 2339, 1576, 680, 2914, 2339, 1576, 2043, 2339, 2339, 2694, 1761, 2339, 3214, 2339, 1659, 1750, 2339, 3214, 4276, 3771, 2339, 3214, 680, 3773, 1809, 2044, 2339, 3987, 2339, 680, 2914, 1175, 2339, 257, 2321, 4305, 2339, 257, 269, 2876, 2043, 3078, 2339, 2339, 4589, 598, 2720, 2339, 2339, 328, 4318, 2339, 3214, 1167, 328, 4305, 680, 3601, 128, 4318, 1175, 2339, 4410, 2339, 207, 4634, 1724, 680, 3139, 2339, 680, 1167, 2321, 2339, 1713, 614, 680, 1761, 3214, 2339, 680, 257, 1665, 2083, 680, 4837, 4837, 2339, 680, 4837, 2321, 680, 4837, 4837, 1659, 680, 4837, 4837, 1809, 2339, 680, 3214, 2339, 2339, 680, 4837, 2339, 680, 4837, 2339, 680, 1799, 1750, 3144, 2339, 3214, 908, 2321, 4305, 2339, 4837, 4837, 2523, 4837, 1056, 3214, 2339, 4837, 614, 210, 423, 4471, 3214, 2339, 2339, 680, 1030, 4837, 2339, 4065, 4837, 2339, 3771, 1175, 2339, 3214, 1195, 4893, 80, 31, 442, 249, 1578, 2293, 2339, 3214, 2212, 2339, 3771, 4855, 2339, 2339, 5079]"
772,"[406, 2444, 2883, 354, 354, 2716, 354, 3150, 354, 354, 356, 354, 354, 417, 4261, 354, 2226, 2422, 3345, 354, 354, 2822, 354, 3224, 354, 354, 1157, 354, 2820, 3658, 61, 383, 354, 354, 2820, 23, 354, 23, 354, 354, 23, 82, 82, 2045, 1667, 4988, 3120, 1010]"
773,"[1538, 462, 249, 3643, 3956, 3956, 3643, 3643, 1573, 3956, 3199, 406, 462, 3141, 3643, 462, 3643, 3956, 3643, 3195, 3956, 1538, 256, 462, 3643, 3956, 3956, 3643, 3643, 3956, 1538, 3643, 83, 3643, 3956, 462, 1538, 3494, 5000, 5000, 3643, 1573, 4893, 3643, 5000, 5000, 3643, 5000]"
774,"[1735, 3076, 3087, 612, 1617, 3133, 3076, 3200, 3292, 860, 2919, 860, 3183, 507, 464, 1769, 146, 2551, 3791, 4249, 3076, 2275, 3974, 860, 3338, 3080, 3790, 1434, 1611, 2510, 3790, 443, 4534, 612, 2556, 3114, 76, 3348, 3343, 3890, 3615, 3498, 612, 3183, 3765, 1670, 3102, 1735, 4099, 4125, 2539, 1706, 3102, 612, 3765, 3606, 3133, 3730, 1018, 612, 4950]"
775,"[2350, 2350, 888, 2350, 2350, 3589, 2350, 3589, 2350, 888, 3589, 2350, 3075, 2350, 3589, 2350, 3589, 2350, 3589, 2350, 3589, 2350, 2350, 1904, 2350, 2568, 2350, 2636, 2350, 2350, 888, 2350, 82, 2350, 4589, 1304, 4589, 2350, 2350, 888, 2350, 2350, 4773, 2350, 2350, 4773, 888, 4801, 2350, 4773, 2350, 2350, 4773, 4773, 2568, 4773, 3856, 4773, 4773, 2350, 2350, 4773, 2636, 4773, 2350, 2350, 3838, 2350, 3584, 2350, 2350, 3589, 3069, 4940, 888, 2350, 2350, 3589, 176, 1170, 2350, 2350, 4893, 4893, 4314, 888, 2350, 2350, 888, 2350, 2350, 3589, 2350, 2350, 5079, 5079]"
776,"[2355, 707, 257, 3233, 1904, 3235, 410, 527, 3197, 179, 1303, 2355, 416, 416, 3528, 3549, 3235, 2355, 2355, 3699, 2751, 3081, 4210, 3235, 1313, 2355, 2355, 3986, 2355, 3549, 3235, 4210, 3235, 4210, 2355, 2355, 4210, 2355, 3235, 4210, 3235, 4210, 1465, 1303, 1313, 2355, 4210, 2855, 3012, 2355, 208, 3235, 4210, 2443, 2355, 2355, 3857, 1199, 579, 2355, 3549, 3235, 4210, 3233, 2355, 2355, 1018, 1018, 3528, 36, 3235, 4210, 3925, 1807, 2355, 2355, 179, 2355, 2355, 350, 1219, 2626, 2355, 2355, 284, 3549, 3235, 4210, 3235, 4210, 2261, 3986, 257, 1753, 3235, 4210, 350, 2355, 2355, 3549, 3235, 4210, 3235, 2355, 2355, 3197, 2355]"
777,"[2393, 2414, 2414, 3039, 2414, 3039, 2414, 2414, 2393, 2414, 2393, 2414, 2393, 3039, 2414, 2393, 2393, 2414, 2393, 2393, 2414, 2393, 3039, 2414, 169, 2547, 2393, 2393, 3039, 2393, 3039, 2414, 2393, 3039, 2414, 2393, 3039, 3039, 2414, 2393, 2414, 2393, 2393, 2414, 3863, 3771, 3039, 2393, 2393, 3039, 2393, 2393, 3039, 2414, 4078, 2414, 169, 1724, 129, 2414, 3874, 169, 2393, 3874, 2414, 2414, 3874, 2414, 2393, 2414, 169, 2393, 2393, 3874, 2393, 2414, 4078, 2414, 1659, 3039, 2393, 3901, 2393, 2414, 2393, 3039, 3039, 2393, 3039, 2393, 2414, 2393, 2414, 2393, 2414, 2393, 169, 3793, 129, 2414, 2393, 2393, 2414, 169, 3793, 2393, 3039, 2414, 2393, 3793, 2393, 2414, 169, 2393, 2414, 4897, 2393, 1175, 2547, 2393, 2393, 3039, 2393, 4897, 3039, 2393, 2393, 3039, 2393, 4897, 4897, 2393, 3039, 2393, 4897, 3039, 2393, 3039, 3039, 2393, 2393, 4897, 2393, 2393, 4897, 1755, 2393, 4897, 2393, 2393, 169, 2547, 3863, 3874, 2393, 2393]"
778,"[2405, 3170, 2764, 3170, 3170, 36, 3324, 3170, 1104, 3170, 3862, 1202, 1872, 1104, 3170, 2668, 1981, 3170, 3170, 1104, 3696, 1981, 2290, 1104, 1981, 1362, 134, 3170, 3170, 541, 3170, 3170, 1362, 3170, 3170, 3148, 1945, 134, 4683, 3090, 4683, 3170, 443, 2912, 1786, 1635, 1135, 2539, 3170, 3189, 2371, 2669, 1629, 3170, 3170]"
779,"[1055, 2430, 3087, 1313, 2463, 798, 1475, 2822, 3857, 1213, 2430, 2443, 517, 2018, 4522, 4531, 406, 1951, 2463, 2018, 273, 1055, 1260, 1055, 4513, 2430, 3202, 1030, 1521, 2018, 1030, 2463, 1030, 2463, 3877, 2018]"
780,"[1898, 2525, 288, 1678, 1927, 1791, 889, 1918, 1739, 1018, 1544, 1803, 1918, 1975, 61, 61, 4242, 4242, 2883, 2488, 3366, 3673, 1873, 1081, 75, 3482, 4273, 61, 1010, 1544, 4015, 3043, 4501, 4463, 456, 2695, 3774, 2765, 1918, 3745, 2305, 2756]"
781,"[2242, 3464, 1576, 3455, 3356, 3455, 3455, 328, 4720, 4720, 4865, 771, 4720, 4865, 4865, 3658, 4720, 1342, 4720, 4720, 3899, 4865, 1207, 4825, 4865, 4720, 3464, 4865, 1342, 378, 2742, 4865, 3464, 1102, 3464, 1343, 3464]"
782,"[817, 1966, 2614, 2617, 2311, 3354, 1632, 175, 3824, 377, 3354, 4442, 2311, 4013, 3937, 2311, 4589, 868, 831, 3937, 1966, 1627, 2320, 2311, 1327, 686, 2859, 129, 169, 4013, 5053, 129, 2311, 3937, 4936, 324]"
783,"[462, 2541, 1670, 3398, 3398, 462, 3398, 3398, 1670, 2010, 858, 3000, 462, 3398, 462, 2614, 1966, 462, 462, 3398, 462, 669, 3079, 1018, 462, 3398, 3398, 2541, 462, 1757, 462, 1670, 129, 1570, 353, 84, 3398, 3398, 831, 3398, 462, 763, 462, 462, 3398, 462, 3398, 1670, 3937, 3398, 2859, 462, 3398, 462, 462, 1807, 831, 3398, 3398, 1807, 831, 1670, 3398, 3398]"
784,"[406, 406, 3536, 2956, 2690, 3790, 423, 2565, 2340, 3790, 3140, 1816, 3279, 684, 1918, 1656, 3000, 2935, 91, 91, 3536, 3536, 4094, 2888, 3084, 2373, 459, 459]"
785,"[1179, 1703, 3969, 2483, 4242, 3734, 1902, 469, 195, 2483, 3321, 3776, 324, 2815, 406, 1589, 1643, 3413, 2483, 18, 324, 490, 490, 469, 490, 490, 241, 2483, 197, 1902, 337, 2816, 1018, 773, 490, 490, 324, 490, 406, 1012, 490, 2483, 320, 3699, 406]"
786,"[2465, 2768, 1475, 4214, 4214, 2768, 4214, 2768, 2768, 4214, 4214, 4556, 4214, 1475, 4214, 4556, 4214, 4214, 4556, 1475, 4214, 4556, 4214, 2768, 4556, 4214, 2768, 1170, 78, 1, 4556, 4214, 4214, 4556, 4214, 4556, 4214, 2768, 4214, 4214, 4556, 3298, 2768, 4556, 4214, 406]"
787,"[102, 498, 1966, 102, 498, 102, 498, 102, 498, 498, 1077, 3953, 102, 498, 498, 1203, 1966, 102, 498, 3953, 2864, 498, 1966, 1203, 102, 498, 1203, 1966, 102, 2864, 796, 102, 498, 1966, 102, 2864, 498, 498, 102, 23, 498, 23, 1966, 1203, 498, 23, 102, 4279, 498, 4070, 102, 498, 1203, 3653, 102, 2864, 498, 498, 6, 1966, 23, 102, 1018, 796, 498, 1203, 1015, 1539, 443, 102, 2864, 498, 1203, 1077, 102, 498, 1203, 6, 102, 2864, 498, 4279, 498, 1203, 102, 2864, 498, 1018, 498, 3653, 102, 2864, 498, 498, 2864, 1966, 3035, 3035, 2864, 498, 1966, 2323, 777, 23, 102, 498, 498, 84, 26, 102, 3437, 102, 498, 102, 498]"
788,"[442, 1898, 372, 3302, 312, 831, 1381, 3043, 1130, 3733, 2743, 1353, 3871, 2692, 3012, 1767, 1074, 2712, 1130, 3972, 1940, 3195, 2712, 102, 4475, 3733, 4531, 324, 3742, 817, 1769, 102, 324, 1130, 337, 3733, 1130, 4700, 1130, 3346, 559, 559, 4475, 443, 1130, 324, 3367, 3272, 4, 1130, 4261, 4475, 102, 352, 2721, 1130, 324, 2750, 3832, 2826, 2521, 2721, 2721, 4475, 2542, 791, 1913, 4913, 102, 1778, 1572, 2703, 1873, 3535, 457, 249, 102, 3733, 1198, 76, 406]"
789,"[1777, 516, 83, 83, 1851, 3811, 83, 83, 1059, 83, 1059, 83, 83, 1627, 83, 452, 83, 1059, 83, 83, 1644, 1059, 83, 452, 1644, 83, 452, 83, 452, 1644, 83, 452, 83, 1644, 452, 452, 83, 1644, 1644, 83, 83, 1644, 83, 83, 452, 452, 83, 1059, 83, 1644, 1644, 83, 83, 2823, 83, 1644, 1644, 83, 83, 380, 78, 1644, 83, 83, 452, 83, 83, 452, 1059, 83, 83, 1644, 83, 2227, 83, 3627, 83]"
790,"[2488, 2489, 763, 889, 3327]"
791,"[1594, 1752, 999, 999, 3550, 3871, 3461, 257, 3359, 1293, 2895, 1293, 4386, 257, 999, 1824, 999, 2526, 2526, 3199, 1703, 3854, 506, 3725, 4805, 1563, 3965, 1288, 1018, 2828, 257, 1125, 1125, 699, 4314, 761, 1307]"
792,"[2507, 2774, 2775, 2777, 2601, 558, 2778, 2779, 2832, 2137, 2507, 2777, 558, 2778, 2779, 2601, 2137, 2832, 2832, 2137, 2775, 3193, 2507, 3352, 2774, 2601, 2779, 2137, 2832, 2779, 226, 2832, 2832, 2775, 3193, 2774, 2601, 3635, 2779, 558, 2832, 3352, 3193, 2774, 2775, 2777, 2779, 2601, 3704, 558, 2832, 3193, 2775, 3193, 2774, 2775, 2601, 2774, 3352, 2775, 2779, 2601, 2601, 2775, 3193, 3352, 2779, 2601, 3193, 2774, 2659, 3704, 558, 2601, 2779, 3193, 3352, 2775, 2601, 3635, 2779, 226, 2137, 321, 2501, 3352, 2775, 3193, 2778, 558, 2779, 2601, 2777, 2601, 2778, 1875, 2779, 2777, 2507, 2777, 2778, 2779, 3704, 2601, 2775, 2507, 3352, 3193, 2775, 2774, 2507, 2779, 2601, 2659, 2777, 226, 3193, 2775, 2774, 2778, 2777, 2659, 2779, 2601, 2659, 2777, 3635, 2601, 2779, 2832, 2779, 2601, 3635, 2778, 3704, 2137, 2832, 2774, 2775, 3193, 3352, 2778, 2601, 2779, 3635, 2601, 2779, 278, 2832, 2507, 3352, 2779, 2601, 2778, 3635, 2659, 3193, 4125, 2778, 2779, 2601, 3635, 226, 3704, 2777, 2601, 2659, 2779, 3704, 3704, 2779, 2601, 558, 226, 2832, 2779, 2601, 2778, 3704, 3635, 2779, 1576, 3267, 2601, 2832, 2832, 2778, 558, 2779, 2601, 2779, 2601, 3635, 2779, 2778, 2777, 3193, 2777, 2601, 2779, 558, 2137, 2779, 2601, 2778, 3635, 2777, 2507, 3193, 3352, 2779, 2778, 2777, 3635, 2601, 2778, 2779, 2601, 3635, 3704, 3193, 3352, 2774, 2775, 3193, 2775, 1231, 2779, 2601, 278, 278, 2779, 2778, 2601, 3704, 2832, 2137, 2779, 3635, 278, 2601, 2137, 2832, 2137, 2774, 3193, 2775, 2659, 2779, 2778, 2601, 2777, 1231, 2601, 2779, 2779, 2601, 3635, 2777, 3704, 2832, 2601, 3704, 2779, 2777, 2659, 2778, 2659, 3704, 2777, 2601, 2779, 2832, 227, 3704, 2779, 3635, 2659, 2779, 3704, 2507, 558, 1875, 2832, 2779, 3704, 3635, 2601, 3193, 2507, 2779, 3704, 2659, 2601, 558, 2832, 2601, 2778, 2775, 197, 2601, 488, 227, 3439, 2601, 2832, 257, 1716, 257, 278, 2775, 2601, 2832]"
793,"[82, 328, 229, 2348, 102, 3871, 2006, 3303, 4014, 324, 3792, 3773, 1313, 3190, 406, 2006, 2006, 2698, 31, 1157, 494, 2006, 617, 1767, 1582, 1293, 4222, 2476, 3662, 3233, 3662, 1712, 406, 406, 3662, 1767, 3777, 443, 1445, 2017, 1617, 378, 1767, 2331, 2006, 2788, 3662, 3539, 3080, 3224, 57, 3662, 1170, 3038, 4106, 1213, 1168, 406, 61, 61, 257, 5019, 82]"
794,"[1995, 2545, 2410, 1202, 3715, 3512, 61, 4193, 1659, 1659, 3447, 2492, 335, 2049, 1967, 406, 406, 1380, 23, 406, 2542, 3321, 4193, 1786, 406, 2545, 1975, 1995, 4182, 3056, 3848, 1839, 4146, 3848, 3015, 2646, 612, 1383, 3679, 1582, 4588, 3848]"
795,"[2538, 2459, 337, 324, 3846, 1572, 3905, 580, 3246, 1914, 1873, 4442, 2501, 249, 4386, 4534, 69, 442, 1873, 2492, 4750, 3361, 4801, 256, 1224, 4261, 617, 2492, 283, 490, 2513, 370, 3752, 337, 2512, 61, 4893, 4314, 5048, 1381]"
796,"[2542, 1778, 2749, 2851, 2858, 1381, 11, 1737, 2012, 2983, 20, 1777, 2542, 1387, 2542, 1387, 1387, 11, 4, 4, 2583, 2583, 4104, 3113, 3115, 3291, 4104, 2856, 831, 4221, 31, 2302, 2542, 1475, 4708, 4221, 1018, 2542, 1778, 3111, 195, 1029, 1925, 1737, 4176, 3580, 870, 3113, 2851, 1923, 2542, 406]"
797,"[2556, 2758, 1532, 1696, 1920, 1532, 1532, 551, 2227, 3685, 1678, 4038, 4038, 1976, 4192, 4038, 4038, 1532, 4192, 4436, 1532, 4192, 1532, 3425, 4038, 1135, 3901, 4589, 78, 1566, 1532, 510, 3417, 833, 3381, 499, 4699, 3714, 2720, 2240, 4038, 4699, 4038, 2240, 2720, 4038, 4699, 4038, 1532, 4192, 4699, 1532, 4699, 4192, 1622, 4801, 4699, 4699, 1532, 2240, 4192, 4699, 4038, 1532, 959, 4192, 4699, 1532, 4699, 4699, 1532, 4699, 1532, 4699, 1532, 4699, 1532, 3112, 4699, 4699, 1532, 889, 1445, 28, 3666, 1532, 1532, 4699, 26, 1361, 3760, 1943, 2537, 4699, 1221, 1566, 4192, 3063, 1532, 4192, 78]"
798,"[1950, 2662, 3035, 1505, 2662, 3099, 3302, 2662, 3497, 128, 3740, 2662, 498, 498, 3497, 2512, 3497, 3497, 102, 2006, 498, 498, 1505, 1219, 498, 498, 2662, 1505, 2662, 498, 868, 4149, 2662, 2662, 1863, 3740, 1721, 4683, 206, 3362, 206, 2662, 3740, 498, 102, 1165, 3497, 498, 2662, 2862, 324, 2662, 498, 498, 2662, 2662, 2538, 1926, 3710, 2662, 2662, 498, 498]"
799,"[2575, 2992, 3725, 2575, 2992, 245, 2992, 1001, 4130, 4380, 2575, 2992, 2992, 2575, 2992, 4586, 1956, 2575, 3809, 2992, 2992, 1956, 2575, 1956, 4586, 2992, 2992, 2648, 2992, 4380, 2988, 1956, 2575, 2575, 4313, 2575, 1956, 2575, 2575, 2992, 3449, 1001, 4674, 2992, 2575, 2992, 4380, 2575, 4674, 4674, 2992, 2575, 2992, 4380, 2575, 2575, 2992, 2992, 2575, 2575, 4586, 2575, 2648, 2575, 1001, 2575, 4586, 2575, 2112, 2575, 2992, 4674, 2992, 3449, 2575, 2575, 1956, 4586, 2992, 2992, 2575, 2992, 3449, 2992, 4380, 2575, 2999, 2575, 2575, 4313, 2575, 2575, 2992, 2575, 3811, 2992, 4380, 2992, 2992, 2575, 4674, 2575, 2992, 2992, 4380, 2575, 767, 2992, 2575, 2538, 2575, 591, 2575, 102, 1445, 2575, 2992, 2992, 4380, 2992, 2575, 4586, 2992, 2575, 2992, 2575]"
800,"[2579, 2579, 82, 2579, 2579, 3841, 2579, 2579, 82, 82, 2579, 2579, 2653, 2579, 2653, 2579, 1031, 2579, 2579, 3106, 2579, 2579, 3841, 2579, 2579, 3841, 2579, 2579, 3841]"
801,"[336, 2691, 336, 336, 2978, 378, 2691, 336, 2978, 378, 2691, 2978, 378, 378, 2691, 336, 2978, 2978, 2691, 1197, 378, 2691, 2978, 2978, 336, 2978, 2978, 1445, 2691, 2978, 2691, 336, 336, 2978, 336, 2691, 2978, 336, 3343, 1777, 2978, 2978, 3361, 403, 378, 2978, 324, 2978, 2691, 2691, 2978, 2978, 336, 2691, 2978, 2978, 2691, 2978, 2978, 324, 5009, 3757, 2978, 406, 2978, 2691, 5009, 2691, 2978, 2978, 2691, 5009]"
802,"[2592, 380, 2592, 2592, 3603, 2592, 2592, 325, 2592, 2592, 812, 3603, 2924, 2592, 588, 2592, 54, 2592, 380, 3603, 2592, 2924, 2924, 3197, 54, 2592, 1420, 3603, 2592]"
803,"[2595, 2468, 2595, 1596, 2595, 2686, 2761, 2468, 2595, 2761, 1716, 2761, 2595, 2595, 2761, 76, 2468, 2418, 2468, 994, 2468, 2595, 3567, 2595, 470, 2595, 3621, 2595, 2761, 2595, 2761, 2761, 2280, 3412, 26, 2761, 2761, 2468, 2468, 3567, 2468, 2761, 2761, 2595, 470, 2761, 2595, 2595, 2468, 2595, 2761, 2468, 2595, 3046, 2761, 2595, 1557, 1981, 2595, 4276, 3621, 2595, 2468, 2468, 2761, 2468, 2595, 2595, 1201, 2595, 2595, 3567, 2595, 2761, 3580, 1777, 2761, 76, 3246, 2913, 2761, 3451, 1399, 3243, 2761, 26, 1614, 791, 3111, 2373, 3986, 2761, 319, 3973, 2761, 4562, 2761, 4562, 1873, 3021, 1823, 2761, 2761, 470, 129, 4589, 2761, 2323, 4562, 23, 2761, 2323, 4242, 2761, 3531, 2761, 4562, 2357, 2913, 3032, 2761, 2761, 2268, 2761, 1119, 2761, 545, 470, 1520, 3241, 2761, 2323, 4562, 23, 2913, 3150, 2761, 2323, 324, 2761, 2761, 2900, 1873, 1940, 102, 2761, 256, 2761, 2017, 2761, 1707, 3686, 2761, 4562, 4562, 2323, 2761, 2761, 2323, 4562, 2761, 4562, 4541, 2761, 1981, 2761, 2761, 56, 269, 4557, 1716, 2761, 2761, 3372, 377, 2761, 4014, 2761, 3372, 2468, 2595, 1981, 2354, 3208, 2595, 2354, 4319, 2761, 470, 2761, 2761, 2468, 4971, 2761, 2761, 1201, 3567, 3208, 2690, 2489, 2468, 2761, 559, 2468, 1659]"
804,"[2605, 2605, 1155, 1520, 151, 1659, 2605, 2605, 1791, 3933, 2605, 2605, 3933, 3312, 4297, 2605, 2605, 507, 2605, 2605, 3000, 3933, 4601, 1075, 2605, 2001, 507, 2605, 3933, 2605, 2605, 3933, 2605, 1904, 3933, 3933, 2605, 2605, 507, 2867, 3933, 1219, 3933]"
805,"[2615, 2615, 1793, 48, 378, 1578, 1930, 2212, 695, 1930, 2615, 1793, 695, 3486, 695, 1930, 179, 2664, 38, 31, 179, 695, 3489, 695, 2664, 1793, 416, 4706, 4706, 2615, 1793, 4706, 4706, 2615, 394, 179, 4706, 4706, 48, 4706, 2615, 617, 2615, 1930, 2615, 179, 4706, 4706, 330, 4633, 1879, 179, 1345, 38, 313, 1793, 2615, 1793, 179, 695, 4706, 2615, 1793, 1879, 695, 3489, 695, 2615, 179, 695, 3489, 2615, 695, 1949, 179, 695, 179, 695, 416, 179, 695, 179, 695, 179, 2615, 1905, 695, 179, 3489, 1793, 695, 2615, 695, 1793, 179, 1949, 179, 2615, 31, 31, 695, 394, 179, 3489]"
806,"[2616, 2616, 176, 2616, 3041, 2616, 176, 1018, 2616, 1507, 3041, 4472, 4472, 2616, 4472, 1507, 159, 4472, 4472, 2616, 4472, 3041, 2616, 4472, 4472, 3265, 2616, 3041, 3041, 2616, 4472, 4472, 3041, 3041, 1157, 2552, 4472, 4485, 1018, 1018, 3920, 2616, 2616, 4472, 3849, 4485, 159, 2616, 1507, 2552, 3864, 2616, 4485, 4472, 3864, 2616, 4319, 4485, 2311, 4472, 1950, 3204]"
807,"[2458, 880, 1670, 3224, 3291, 1018, 3329, 3343, 3860, 383, 3143, 559, 4094, 3080, 3682, 1670, 3860, 1196, 4077, 4089, 2756, 4414, 1380, 2500, 1807, 700, 2512, 3209, 507, 2041, 3084, 4352, 5002, 391, 5002]"
808,"[2622, 1610, 3091, 2622, 3376, 593, 3394, 3399, 2622, 593, 3394, 593, 3394, 2622, 3376, 593, 3394, 593, 2622, 3376, 593, 593, 3376, 593, 593, 2622, 593, 2949, 2622, 3376, 593, 3394, 1521, 593, 3399, 2622, 3376, 593, 3399, 3376, 593, 3399, 2622, 2622, 3376, 593, 3399, 3215, 3376, 593, 3399, 593, 2949, 2622, 3376, 593, 3399, 2622, 2949, 2622, 593, 3399, 4408, 2622, 2622, 3376, 593, 3399, 2622, 3376, 3394, 593, 3399, 2949, 3394, 2622, 2622, 3394, 3399, 2622, 2622, 2112, 4524, 2622, 2622, 593, 3399, 4524, 2622, 3399, 593, 4524, 2622, 2622, 4408, 2622, 4408, 3394, 2622, 1610, 3399, 593, 2622, 3376, 3091, 2622, 3376, 593, 3394, 2949, 2622, 3376, 3091, 2622, 3376, 3091, 2622, 2622, 3399, 593, 2949, 3394, 2622, 3091, 593, 4408, 3091, 2622, 3376, 593, 2622, 3091, 4408, 2622, 2622, 3091, 4408, 3376, 2622, 3091, 2622, 3091, 2622, 3091, 4408, 4659, 4659, 3091, 2622, 3091, 4659, 4659, 2622, 2622, 4659, 4659, 2622, 3091, 4659, 4659, 3376, 3091, 2622, 4659, 3091, 2622, 4408, 4659, 4659, 2622, 4659, 3376, 3091, 2622, 4659, 4659, 3376, 4659, 3091, 4659, 3091, 3376, 4659, 4659, 3091, 2622, 2622, 4659, 4659, 3091, 2622, 4659, 4659, 3376, 4659, 4659, 3091, 4659, 3376, 4659, 4408, 3091, 4659, 4659, 2622, 3091, 4659, 3376, 4659, 3091, 2622, 3376, 3091, 4659, 3376, 4659, 2622, 3394, 3376, 3091, 4659, 4659, 2622]"
809,"[2640, 349, 3242, 197, 443, 1922, 3485, 4638, 4127, 197, 4601, 4127, 4638, 4127, 4638, 3343, 4601, 829, 4127, 4601, 4638, 197, 1353, 4127, 4601, 4127, 4638, 1577, 3772, 4127, 4601, 4638, 4127, 4601, 4127, 4127, 4601, 4638, 4601, 38, 4127, 4160, 4043, 3800, 2542, 4127, 4262, 1018, 4127]"
810,"[1591, 2654, 3333, 4232, 3543, 2654, 82, 2654, 3219, 2816, 2654, 1617, 3906, 20, 3543, 2654, 1939, 2181, 241, 4028, 3437, 1513, 1617, 2762, 226, 257, 4028, 2882, 257, 226, 3906, 3906, 4002, 3603, 3012, 378, 2654, 1488, 3906]"
811,"[2663, 2663, 1022, 2347, 1060, 1060, 2663, 1060, 2663, 3847, 2663, 3890, 2663, 1060, 3871, 2663, 1060, 807, 2663, 3890, 2663, 1060, 3578, 2663, 3890, 2663, 3890, 384, 2663, 3890, 3847, 2663, 1060, 2663, 1060, 20, 76, 3890, 3890, 1945, 3771, 2914, 1799, 2663, 2298, 3890, 2477, 3890, 3890, 2663, 2663, 3890, 3890, 256, 3890, 2663, 1659, 817, 2663, 3771, 2663, 3890, 2663, 2663, 1075, 2298, 2663, 3890, 3890, 2663, 226, 1578, 3300, 375, 3102, 3890, 3890, 2663, 3890, 2663, 2663, 1060, 175, 3890, 3539, 2663, 2272]"
812,"[61, 332, 61, 1707, 3430, 82, 3430, 3430, 3267, 3812, 61, 3596, 3877, 61, 82, 3430, 3430, 61, 3430, 61, 4029, 406, 82, 190, 406, 61, 190, 61, 406, 406, 190, 3404, 406, 61, 1573, 61, 328, 61, 61, 328, 4043, 328, 61, 443, 1044, 431, 431, 328, 1044, 4014, 2347, 1173, 1044, 3430, 624, 328, 2467, 3910, 3430, 3369, 3359, 2020, 2887, 3281, 3281, 3430, 3430]"
813,"[1458, 3026, 3547, 2646, 3547, 3547, 1458, 3547, 1458, 3547, 1018, 2888, 344, 324, 1458, 1362, 357, 3547, 2619, 1555, 3547, 1558, 2079, 93, 1458, 3699, 406, 102, 3547, 2619, 93, 3547, 1458, 3547, 93, 3547, 1458, 3547, 1458, 3547, 2619, 93, 3547, 1671, 1458, 2619, 1670, 288, 76, 1188, 61, 3973, 3151, 1458, 3547, 2079, 1458, 3547, 3547, 1555, 2252, 3547, 2619, 1458, 3547, 1721, 3268, 1458, 3547]"
814,"[1390, 2903, 1010, 61, 3972, 1966, 142, 356, 1951, 3200, 3020, 1898, 3232, 26, 3964, 887, 324, 4457, 4457, 3015, 4303, 4097, 3206, 1614, 2765, 4297, 4189, 4060, 3015, 1898, 3446, 1075, 3436, 3656, 3656, 2106, 3656, 4015, 1170, 1147, 1664, 1555, 1075, 2352, 2697, 2213, 2697, 3152, 3183, 1179, 889, 887, 406, 3835, 1614, 692, 61, 4913, 4994, 2703, 4383]"
815,"[2675, 3448, 3901, 3448, 3448, 4442, 3448, 3448, 4589, 1693, 3973, 2675, 2675, 617, 1943, 2675, 2675, 3448, 3448, 2675, 2052, 2675, 312, 1288, 1053, 2675, 2828, 1416, 2675, 2675, 442, 1381, 312, 1053, 2675, 2675, 158]"
816,"[2677, 952, 329, 439, 1957, 3683, 3687, 3958, 3961, 3961, 3958, 380, 3958, 3958, 3961, 3958, 3961, 3958, 3961, 3687, 3687, 3958, 1957, 439, 3904, 50, 3961, 3687, 3958, 3958, 3687, 3958, 3961, 3687, 3961, 4359, 3687, 3958, 3687, 3958, 3687, 3687, 3958, 3687, 3958, 3958, 3961, 3687, 3958, 3961, 3958, 3687, 4359, 3958, 3687, 2677, 793, 4359, 4359, 380, 3687, 4359, 4359, 3687, 2677, 2420, 3687, 4359, 3687, 4359, 3687, 4961, 4359, 4359, 3687, 4359, 4359]"
817,"[1179, 1339, 3094, 441, 3748, 4189, 3658, 4015, 3322, 1191, 3816, 1383, 3291, 3094, 1383, 3094, 1339, 3658, 3658, 61, 3658, 3672, 1614, 3094, 3658, 3658, 3322, 3366, 1664]"
818,"[195, 2714, 2046, 2749, 3097, 2714, 3596, 3296, 3146, 2521, 2714, 1020, 1974, 3135, 2714, 3788, 391, 2909, 845, 3217, 1010, 61, 1018, 312, 1512, 2865, 443, 1075, 3146, 442, 2909, 1928, 3686, 312, 2541, 4432, 1464, 3312, 1611, 226, 312, 1729, 4114, 1785, 1750, 2804, 3722, 1659, 2524, 3000, 1664, 2513, 2714, 4375, 3905, 18, 4542, 2714]"
819,"[2713, 2227, 2713, 2713, 4032, 2713, 2564, 2713, 2713, 360, 4032, 2713, 2713, 4032, 2713, 2713, 3060, 2713, 2713, 4032, 4032, 2713, 2713, 4032, 4032, 2713, 2713, 3361, 4032, 2713, 3759, 1104, 2713, 2713, 4032, 4893, 4893, 4032, 4032, 3809, 363, 3390, 3390]"
820,"[2744, 1900, 309, 249, 2114, 3660, 2885, 249, 82, 82, 321, 2212, 1161, 1191, 1659, 2513, 56, 82, 23, 3130, 1191, 1737, 82, 249, 253, 2972, 82, 61, 208, 4707, 82]"
821,"[2756, 2552, 370, 2955, 1548, 3600, 2340, 3077, 2662, 20, 1638, 1173, 1173, 4185, 3080, 20, 1173, 1173, 3295, 1982, 3077, 3251, 3786, 1557, 3151, 1496, 2359, 2359, 1671, 580, 3251, 3906, 3295, 4520, 3295, 4226, 4269, 3343, 4269, 370, 1173]"
822,"[2783, 2783, 2361, 2149, 2953, 2783, 2783, 4262, 2783, 2783, 3889, 3603, 3889, 1585, 929, 1585, 3889, 2924, 2783, 1487, 1254, 1600, 3146, 3889, 1585, 1254, 4707, 3889, 2783, 3075, 2360, 54, 4147, 54, 380, 2360, 82, 1585, 3889, 1254, 439, 2469, 1089, 1075, 2149, 4147, 1254, 2149, 2149, 2953, 1254, 4977, 4977, 2361, 176, 4977, 2783, 2783, 1585, 2192, 176, 2783, 2360, 2783, 4977, 2783, 4977, 1585, 176, 4977, 2361, 2783, 4977, 1585]"
823,"[108, 108, 3285, 1310, 4679, 4574, 343, 4679, 4679, 3285, 4679, 4679, 1205]"
824,"[2797, 2184, 2854, 2273, 2797, 2184, 2854, 324, 333, 3191, 3191, 324, 35, 2797, 2273, 2854, 2273, 324, 324, 35, 324, 35, 2854, 324, 35, 2184, 2797, 2854, 2854, 2797, 35, 3191, 3191, 2854, 2184, 2797, 2854, 333, 3191, 3191, 333, 35, 2797, 2854, 2273, 324, 35, 2273, 2797, 2184, 4082, 3191, 1639, 333, 2797, 2854, 2797, 2854, 2273, 3191, 3191, 2854, 2797, 2854, 2273, 35, 333, 2854, 324, 3191, 2854, 3191, 325, 3191, 2854, 2797, 333, 333, 324, 35, 2854]"
825,"[485, 2799, 1283, 2799, 485, 257, 337, 329, 422, 2048, 485, 3439, 485, 2799, 257, 2799, 485, 3439, 2181, 485, 485, 2799, 176, 3439, 257, 3439, 2799, 3439, 1415, 3439, 3439, 439, 3439, 3439, 315, 3439, 3439, 2799, 3439, 2704, 2181, 2623, 439, 3439, 2799, 4599, 184, 2799, 3439, 2181, 2037, 485, 2799]"
826,"[82, 647, 2966, 3219, 2966, 2966, 3480, 3480, 2412, 2966, 2412, 3219, 2966, 2966, 2412, 3543, 2966, 3480, 3480, 2412, 3219, 2654, 2192, 1183, 2966, 2966, 2412, 2966, 3219, 3543, 2966, 3480, 3480, 2966, 3480, 2966, 3219, 2412, 2966, 3480, 2966, 2412, 3219, 2966, 2412, 3219, 3543, 2966, 3480, 2966, 3480, 1389, 2966, 3480, 2966, 2966, 3219, 2966]"
827,"[269, 2937, 2950, 2954, 1018, 2954, 2937, 2950, 2954, 2954, 2937, 269, 2954, 2954, 2937, 2954, 3040, 2937, 2954, 2954, 2937, 31, 2937, 2950, 2954, 2937, 2954, 2954, 2937, 1018, 2950, 2954, 2954, 412, 2954, 469, 4016, 2954, 2937, 2950, 2954, 3769, 2954, 1018, 2937, 2950, 2937, 2954, 102, 269, 2937, 2954, 324, 2937, 1043, 2335, 2954, 2937, 2954, 1030, 2954, 1030, 1737, 2862, 2954, 2937, 363, 2937, 2954, 2848, 1485, 26, 2950, 4893, 2954, 2954, 2937, 2954, 2954, 2937, 2950, 2937, 2950, 2954, 1771, 2937]"
828,"[2839, 102, 443, 102, 1746, 1968, 4402, 151, 1677, 3044, 151, 714, 1599, 1716, 102, 4609, 76, 714, 1599, 102, 498, 4609, 714, 4609, 791, 3749, 1077, 3749, 151, 3466, 4609, 3044, 4609, 2259, 714, 76, 102, 249, 4609, 3098, 4609, 4609, 2305, 4609, 714, 2305, 2881, 4609, 2305, 3516, 4179, 2872, 2872, 4817, 660, 102, 4817, 2512]"
829,"[151, 175, 1075, 1161, 2898, 2913, 3438, 1475, 1475, 3727, 1475, 4175, 249, 3438, 3029, 38, 38, 3029, 3371, 2489, 3438, 831, 4805, 179, 76, 3729, 38, 3727, 1475, 831, 4248, 3146, 2889, 1687, 249, 442, 38, 3438, 617, 1173, 337, 442, 151, 2493, 36, 2671, 3605, 3968, 3727, 38, 1015, 4303, 378, 38, 5078]"
830,"[2847, 2938, 3429, 2938, 3614, 2938, 2847, 3614, 2938, 2364, 1828, 2938, 2847, 3796, 2938, 1183, 176, 3429, 2938, 3796, 2938, 2847, 2938, 2938, 1600, 3796, 2594, 2364, 2847, 3614, 2938, 2847, 2938, 2847, 2847, 4323, 4323, 300, 297, 4323, 3648, 1896, 3796, 2847, 4323, 2847, 3796, 4323, 3614, 2847, 4323, 1896, 4323, 1506, 3614, 3796, 4323, 2938, 4323, 1183, 4323, 3880, 1159, 4323, 4323, 2847, 4464, 1828, 2364, 4323, 4581, 1828, 4581, 4581, 2847, 4581, 4323, 4464, 4050, 176, 425, 4581, 4581, 3614, 4581, 2847, 4581, 2847, 2364, 719, 2847, 4581, 2847, 4581]"
831,"[2855, 3090, 494, 2331, 406, 82, 82, 1627, 821, 3279, 3510, 1075, 3404, 175, 807, 363, 2477, 3365, 36, 3222, 2939, 36, 1925, 427, 4776, 4348, 4380, 2671, 2488, 2314, 4125, 3356, 1512, 3377, 84, 3299, 5043, 406]"
832,"[2871, 2871, 3688, 2871, 3102, 3765, 2916, 1548, 3688, 3765, 3765, 3688, 1198, 2916, 1548, 1531, 3102, 3765, 3688, 2871, 2871, 4431, 4431, 2916, 3102, 2874, 2871, 1548, 2871, 3705, 2871, 3102, 151, 2871, 3102, 2871, 23, 1614, 337, 3102, 3688, 598, 3688, 3102, 2871, 1548, 3688, 3688, 4431, 2871, 3688, 3102, 3765, 2871, 1548, 3102, 3688, 3102, 4431, 3102, 3102]"
833,"[1015, 267, 2862, 2047, 950, 1757, 2252, 1018, 446, 1771, 427, 427, 2566, 1601, 36, 3848, 2762, 2566, 1771, 1173, 324, 2252, 4625, 1680, 324, 3412, 3772, 3853, 2437, 324, 4075, 1978, 2477, 3534, 2047, 2477, 3224, 2317, 668, 3787, 3412, 4087, 3842, 4145, 668, 2317, 2317, 3412, 4087, 1680]"
834,"[2702, 2903, 507, 3232, 2437, 383, 2478, 3748, 102, 1135, 2690, 4150, 1918, 3183, 3717, 883, 2883, 1555, 1635, 2478, 1984, 2213, 1664, 4191, 2702, 3190, 1018, 971, 507, 1959, 2437, 1792, 2437, 4023, 2334, 3887]"
835,"[23, 2916, 3092, 2892, 1981, 1703, 2983, 3975, 3672, 439, 3904, 1049, 3273, 4067, 1009, 2892, 3694, 4211, 4242, 3312, 3466, 887, 2540, 2983, 319, 328, 3375, 4291, 3692, 1737, 3320, 2983, 2442, 4269, 2405, 4149, 1785, 4542, 1918, 3084, 4945, 3397, 5049, 5053, 1157, 2916, 443]"
836,"[2902, 1191, 2902, 4138, 3061, 3353, 3676, 406, 59, 4501, 3620, 1753, 1030, 3977, 3353, 95, 2305, 2902, 4708, 4805, 4138, 23, 26, 1758, 3353, 23, 2516, 2902, 2997, 23, 2628, 1603, 3353, 4349, 2077, 3353, 4160, 106, 3653, 1758, 4160, 4138, 3353, 3353, 4138, 2516, 3694, 3084, 4149, 3038, 31, 4138, 4160, 226, 4314, 2694, 1533, 2902, 226, 3074, 1638, 2516, 424]"
837,"[2642, 410, 61, 61, 238, 4264, 1913, 3231, 2320, 410, 3540, 61, 1018, 2320, 4513, 1627, 2762, 4399, 2249, 1521, 2519, 2023]"
838,"[2943, 2188, 172, 3220, 1917, 2722, 443, 2321, 3220, 3220, 4594, 3145, 4594, 2321, 3211, 1175, 4594, 3220, 2023, 2321, 2023, 3220, 3211, 1175, 3145, 1902, 2156, 2914, 4318, 1799, 3494, 324, 1175, 3220, 260, 390, 2307, 123, 4594, 1175, 260, 1953, 384, 1142, 2188, 4594, 807, 1215, 3220, 1887, 3211, 210, 378, 181, 378, 4594, 324, 3763, 2321, 3256, 384, 2188, 4594, 4594, 1215, 3211, 1175, 4594, 111, 260, 2914, 1887, 3765, 3220, 1175, 3793, 1887, 260, 2188, 1917, 2914, 3220, 2914, 253, 2188, 3220, 2188, 3220, 2188, 3220, 3793, 2188, 4033, 2324, 2188, 4033, 2188, 3085, 1175, 4033, 1086, 3220, 1215, 3863, 4594, 4033, 2188, 253, 4594, 1175, 2914, 3793, 4594, 3765, 2914, 324, 3085]"
839,"[2957, 2958, 2958, 2957, 2957, 2958, 2957, 207, 2958, 2957, 2958, 2957, 2958, 2957, 324, 2825, 324, 4131, 2957, 2958, 2957, 2958, 2957, 4236, 2958, 2957, 2958, 2957, 2958, 2957, 2957, 324, 36, 2958, 2957, 2958, 2958, 2957, 2958, 2957, 2958, 2957, 2957, 2958, 2958, 2957, 2957, 2958, 2958, 2957, 2958, 114, 2958, 2957, 2957, 2958, 2958, 2957, 2958, 2957, 2958, 2957, 2958, 2957, 2957, 2958, 2957, 4131, 2957, 2958, 2957, 2958, 2958, 2957, 2958, 2957, 3574, 2957, 2958, 2958, 4131, 2958, 3550, 3070, 2958, 2957, 2958, 2957, 3574, 3574, 2958, 2957, 2958, 207, 1465, 114, 2958, 2957, 2957, 2958, 2958]"
840,"[410, 2267, 2968, 3359, 403, 410, 2851, 4409, 1716, 23, 325, 2983, 54, 1716, 2995, 1317, 2462, 832, 2787, 2060, 1585, 2267, 2267, 1626, 2267, 2267, 1325, 4893, 2267]"
841,"[1904, 3083, 4188, 4188, 195, 1620, 4217, 4217, 1620, 406, 4188, 1620, 4217, 406, 1620, 4188, 4188, 4217, 1620, 3419, 3224, 4217, 1018, 4217, 4217, 1620, 406, 4188, 1620, 4188, 1620, 3359, 1462, 4188, 4188, 3055, 3055, 1620, 2212]"
842,"[297, 1056, 1056, 1018, 1018, 1056, 1662, 1922, 1056, 1056, 176, 1056, 159, 1056, 4284, 1056, 1056, 1018, 1056, 159, 2546, 1056, 1056, 297, 1056, 297, 1056, 4284, 1056, 4284, 4284, 2915, 1056, 2546, 1056, 1758, 2976, 20, 1662, 2546, 1056, 1056, 159, 3922, 1056, 297, 4284, 1056, 159, 1410, 4284, 1056, 4284, 2546, 1056, 2197, 2197, 1056, 4284, 1056, 2197, 1585, 159, 2546, 1257, 3069]"
843,"[3006, 1647, 344, 20, 3321, 3006, 2739, 430, 430, 406, 999, 31, 2619, 845, 2732, 3413, 2895, 1202, 1523, 3393, 2434, 3670, 406, 406, 459, 3836, 3210, 1219, 3424, 36, 3977, 1381, 2822, 2483, 1325, 61, 61, 406]"
844,"[3017, 3017, 3822, 3017, 3017, 3822, 4193, 1484, 1077, 3312, 3343, 1018, 3822, 2539, 3343, 4121, 1611, 3822, 3378, 3822, 2539, 2572, 3822, 3017, 3822, 3822, 3017, 3017, 3378, 3822, 2579, 3017, 4189, 4754, 3822, 3822, 3017, 3822, 3017]"
845,"[61, 1644, 179, 2379, 1427, 1644, 83, 3478, 3479, 179, 1427, 179, 3479, 179, 1427, 1059, 1644, 1644, 83, 3479, 3478, 3478, 83, 1644, 1644, 83, 83, 1644, 1644, 83, 3479, 3478, 1644, 83, 83, 1644, 83, 3479, 3478, 1644, 83, 3478, 1644, 3478, 3479, 179, 1427, 179, 83, 1644, 83, 3479, 4048, 3478, 1644, 83, 4048, 1427, 83, 83, 1427, 83, 3479, 4048, 83, 179, 1427, 3478, 4048, 1427, 179, 4048, 3478, 3479, 1427, 4363, 1427, 3478, 4048, 3478, 4363, 131, 3892, 179, 715, 4363, 4363, 1427, 1427, 3478, 4363, 4363, 1427, 3478, 3478, 4363, 1427, 3478, 179, 1427, 3478, 179, 1427, 4363, 1427, 2618, 3478, 4363, 1427, 3478, 3479, 878, 2379, 1427, 3478, 1025, 179, 4363, 1427, 1545, 4363, 3478, 1427, 3478, 4048, 1427, 4048, 3478, 4363, 1427, 179, 179, 4363, 1427, 179, 1427, 4048, 4363, 1427, 4363, 1427, 3479, 1427, 4048, 3478, 83, 2055, 83, 1427, 4166, 1427, 3436, 1427, 179, 4801, 1427, 3436, 83, 1427, 131, 4288, 179, 3008, 2055, 3478, 378, 1590, 82, 1950, 1222, 3478, 3008, 1025, 4363, 4048, 4363, 4048, 4363, 179, 102, 3478, 4288]"
846,"[2746, 2975, 3253, 2465, 206, 3253, 1018, 3253, 2489, 3253, 206, 3253, 3986, 3574, 206, 3253, 2746, 3253, 3574, 3253, 3253, 124, 3253, 3253, 206, 3253, 2612, 206, 3575, 3574, 3253, 3253, 322, 1697, 3253, 3253, 61, 2481, 2311, 1462, 3574, 3253, 1018, 1018, 1662, 3253, 206, 206]"
847,"[3042, 3042, 2618, 3042, 3042, 2209, 3042, 2003, 3042, 3042, 2209, 1593, 3042, 3042, 1232, 3042, 3042, 1381, 3042, 4899, 3042, 3042, 4899, 4899, 3820, 2209, 4899, 4899, 3042, 4899, 4899, 1063, 4899, 1063, 4899, 3042, 1063, 4899, 3042, 3042, 4899, 3042, 1063, 4899, 3042, 4899, 1063, 3042, 4899, 3042, 1063, 4899, 3042, 3042, 4899, 3042, 4899, 3042, 1063, 3042, 1063, 3042, 2881, 4899, 3042, 1063, 4899, 4899, 3042, 1063, 3042, 1063, 4899, 2210, 2003, 4899, 1063, 4899, 3042, 1063, 4899, 357, 4899, 3042]"
848,"[2119, 3078, 2955, 1832, 1576, 3427, 335, 3078, 1832, 3078, 1832, 1832, 2955, 335, 335, 4033, 4033, 4195, 4195, 1269, 4195, 293, 4195, 3427, 1541, 3000, 4195, 2488, 2001, 4195, 2488, 4195, 4211, 4195, 2488, 4195, 4195, 3427, 2001, 4195, 4195, 1659, 1378, 2001, 2955, 4195, 1075, 2437, 4195, 2001, 1832, 2001, 3427, 4195, 3427, 3427, 2001, 1112, 3330, 2001, 3013, 4195, 3714, 3088, 1541, 4195, 1912, 1832, 1832, 2001, 4195, 2001, 3427, 2001, 459, 4195, 2001, 3427, 4195, 2001, 4195, 2955, 2001, 2001, 1269, 1576, 2001, 2001, 3427, 3427, 2001, 3427, 4195, 459, 3427, 3890, 1832, 2001, 1832, 151, 1659, 3427, 4231, 3847, 3427, 335, 3020, 2001, 3847, 3427, 2927, 1912, 1832, 3847, 3427, 2001, 3427, 3847, 3847, 2001, 3427]"
849,"[1135, 3508, 2702, 61, 406, 3189, 2340, 1617, 3189, 3189, 3679, 1729, 3189, 3080, 3189, 3189, 4531, 3843, 3286, 2920, 1735, 1617, 2890, 771, 1959, 3508, 3508, 3286, 3845, 3189, 1504, 3190, 1075, 82, 339, 3183, 3508, 3183, 3133, 3189, 3189, 406, 2920, 2935, 1951, 2865, 3596, 4519, 3189, 3356, 1792]"
850,"[3124, 3125, 3126, 3128, 3127, 3137, 3138, 3128, 3125, 3126, 3288, 3124, 3126, 3125, 3137, 3128, 3137, 3127, 3138, 3124, 617, 617, 3288, 3126, 3288, 3128, 3126, 3125, 3127, 3137, 3125, 3138, 3288, 3137, 3124, 3128, 3288, 3127, 3128, 3137, 3125, 3126, 3126, 3124, 1165, 3894, 482, 2470, 3527, 3854, 3899, 2187, 2892, 3900, 3063, 3126, 3124, 3288, 3128, 3125, 3126, 3125, 3138, 3127, 3138, 3125, 3124, 3127, 3126, 3288, 3288, 3138, 3128, 3860, 1726, 3367, 3138, 3125, 3137, 3126, 3894, 947, 3527, 3854, 102, 1445, 2861, 927, 4173, 3514, 3248, 3126, 3137, 3127, 1678, 1454, 1325, 364, 3288, 3125, 3138, 3128, 3288, 3128, 3125, 3138, 3137, 40, 598, 3451, 3678, 130, 1705, 102, 1445, 927, 2007, 4424, 249, 1494, 2788, 4427, 3897, 2744, 1197, 1433, 3492, 1643, 4278, 3288, 3138, 3127, 3128, 3125, 3288, 3124, 3288, 3125, 3128, 3127, 3138, 3137, 3128, 3124, 3127, 3128, 3124, 3137, 3127]"
851,"[3160, 422, 3821, 3160, 4313, 4313, 3821, 3160, 4313, 4589, 3436, 3160, 3160, 4715, 4716, 4381, 4313, 4750, 3821, 4313, 4715, 4715, 1018, 4893, 4893, 4314, 3160, 4715, 4715, 3821, 4716, 4715, 4716, 3821, 4716, 3821, 4716, 1677]"
852,"[3164, 3164, 203, 3164, 3164, 226, 226, 1313, 3164, 3164, 203, 3164, 3164, 203, 3164, 3164, 203, 3164, 226, 203, 203, 3164, 3164, 203, 3341, 3164, 3164, 257, 3164, 102, 3164, 3164, 4645, 4175, 4175, 2425, 2425]"
853,"[1322, 1464, 1202, 3786, 858, 1988, 1729, 2873, 3850, 3308, 2867, 1820, 3013, 3466, 1806, 3224, 4534, 3071, 3114, 76, 2521, 61, 2898, 4009, 4009, 443, 4009, 2477, 615, 1921, 1198, 3114, 337, 245, 3831]"
854,"[708, 2865, 1729, 3774, 2865, 1979, 3121, 812, 708, 3964, 3026, 3026, 1995, 357, 4242, 2865, 708, 3640, 3679, 708, 2865, 4242, 488, 708, 708, 2865, 26, 1820, 2865, 4242, 2865, 4028, 708, 3224, 2865, 708, 2865, 1925, 708, 708, 2607, 708, 2865, 324, 2607, 2607, 2815, 2865, 708, 2607, 2865, 3131, 2865, 1925, 2607, 2865, 2865, 708, 3964, 1729, 2865, 1777, 2865, 2865, 708, 2865, 2168, 61, 2865, 4382, 2865, 708, 78, 708, 2865, 2865, 4229, 4307, 2288]"
855,"[3178, 3178, 4160, 3178, 3353, 4322, 499, 4322, 1576, 1904, 4322, 4322, 1074, 1112, 2853, 3627, 4387, 3178, 4322, 1965, 4322, 960, 4322, 1965, 3178, 2746, 3178, 4322, 1965, 3178, 4387, 2958, 3178, 4322, 1965, 253, 120, 1112, 3397, 2839, 253, 1965, 1074, 4322, 253, 4322, 2320, 3353, 3178, 3178, 1965, 4322, 1576, 3178, 4558, 3178, 4387, 4558, 4387, 3178, 4558, 3353, 3178, 1018, 3178, 82, 3353, 4558, 4322, 1965, 4322, 2612, 3178, 4160, 2320, 1965, 2320, 4322, 960, 3178, 4558, 4558, 206, 4322, 2320, 3951, 3178, 4558, 4387, 1965, 2320, 2972, 2399, 2320, 499, 4313, 4558, 4691, 3178, 4558, 3178, 4387, 3178, 2516, 3178, 1018, 4387, 3178, 2816, 4160, 3178, 2516, 2612, 4691, 3178, 4558, 4691, 3178, 4387, 4691, 4558, 4691, 4691, 1166, 4691, 4691, 2516, 3810, 114, 106, 4691, 4691, 4558, 3178, 3178, 4387, 4558, 908, 2746, 3353, 4691, 106, 4138]"
856,"[3180, 2268, 3365, 2920, 3668, 3489, 1904, 1198, 3780, 3292, 4182, 1281, 1762, 2749, 2859, 4471, 3769, 4488, 4381, 4182, 2862, 3040, 1771, 4182, 4076, 549, 3097, 4801, 334, 1762, 3251, 1461, 1281, 334, 1762, 3000, 3666, 1281, 406, 3040, 4488, 4166, 2762, 631, 4076]"
857,"[2481, 525, 3367, 1791, 1820, 1329, 1688, 4189, 2041, 2556, 3183, 1791, 3122, 2549, 1982, 2549, 1982, 4946, 4946, 1982, 4946, 4946, 4893, 4946, 2390, 4754]"
858,"[324, 357, 227, 649, 324, 1018, 2067, 1042, 324, 649, 1526, 324, 2067, 1018, 2067, 2067, 324, 324, 1389, 324, 2067, 1389, 324, 4368, 2458, 324, 2067, 4075, 1018, 2067, 3275, 2067, 3528, 644, 324, 2067, 1018, 2067, 324, 324, 357, 324, 2874, 324, 324, 2067, 324, 324, 4771, 3528, 373, 2562, 3528, 1018, 324, 324, 4368, 2111, 3528, 3021, 333, 1389, 324, 2067, 1018, 324, 1389, 333, 324, 3528, 1018, 2067, 4075, 324, 463, 1215, 333, 333, 2298, 2874, 324, 333, 1950]"
859,"[3179, 3233, 129, 406, 324, 897, 324, 4597, 324, 410, 410, 1464, 2390, 2914, 324, 324, 102, 4432, 324, 324, 363, 5016, 5016, 516, 3618, 1622, 83, 516, 4893, 4314, 5016, 4311, 1170, 2742, 406, 5079]"
860,"[2547, 3540, 3540, 2176, 3540, 2547, 2900, 3429, 1183, 1950, 3429, 3540, 4505, 3069, 1950, 3767, 2341, 3429, 1183, 1782, 3429, 2654, 1195, 3540, 3540, 22, 1782, 1170, 2457, 3679, 1030, 897, 257, 226, 226, 1558, 2410, 1389, 3105, 3105, 2594, 1737, 5079]"
861,"[3275, 3275, 2594, 1896, 2594, 1170, 4029, 1170, 4272, 3275, 4891, 4359, 4272, 1018, 4272, 4272, 4891, 4272, 1896, 357, 2594, 4891]"
862,"[2565, 2341, 3343, 1202, 3846, 328, 3846, 3846, 3343, 3312, 3248, 3343, 3822, 3790, 3292, 3223, 3837, 4297, 422, 1982, 1189, 4297, 2001, 3343, 2878, 138, 3790, 3348, 2001, 3790, 2001, 3200, 3790, 3343, 4269, 4189, 3348, 2340, 1179, 3183, 1075, 2878, 1544, 4269, 507, 2510]"
863,"[1170, 3298, 1475, 2718, 1170, 828, 1737, 1506, 4654, 1389, 324, 968, 4654, 4654, 1389, 1506, 4667, 175, 226, 1506, 1183, 1389, 1389, 828, 82, 418, 510, 4544, 159, 2239, 257, 159, 1506, 4654, 1598, 3278, 3278, 226, 474, 2688, 4654, 4654, 1389]"
864,"[3303, 3303, 3893, 3303, 3303, 3658, 3303, 3303, 700, 3303, 3303, 3088, 3303, 3303, 406, 3303, 3303, 3759, 3303, 3303, 3411, 3303, 3303, 2833, 3303, 3303, 1987, 3303, 1987, 3303, 3303, 2129, 1950, 3303, 3303, 2129, 3303, 3303, 4213]"
865,"[249, 249, 910, 249, 3923, 910, 3751, 3751, 249, 3923, 1922, 249, 3923, 910, 3751, 4001, 249, 910, 3751, 1050, 4069, 4001, 1922, 3923, 910, 4001, 3197, 1922, 3923, 3751, 4001, 249, 3923, 910, 1050, 4069, 4001, 1922, 249, 3923, 910, 3751, 1050, 4069, 4001, 1922, 249, 3923, 910, 1050, 4069, 4001, 1922, 249, 3923, 910, 3751, 4001, 1922, 249, 1922, 249, 3923, 3923, 910, 1050, 4069, 4001, 1922, 249, 3923, 910, 1050, 4069, 4001, 1922, 249, 3923, 910, 3751, 1050, 4069, 4001, 1922, 249, 3923, 910, 1050, 4069, 4001, 1922, 910, 3751, 4001, 2674, 249, 3923, 3751, 4001, 1922, 249, 3923, 910, 3751, 1050, 4069, 4001, 1922, 249, 3923, 910, 3751, 1050, 4069, 4001, 1922, 3923, 910, 3751, 4069, 3923, 910, 4069, 4001, 249, 3923, 910, 3751, 1922, 249, 3923, 910, 3751, 1050, 4001, 1922, 249, 3923, 910, 1050, 4069, 4001, 1922, 249, 3923, 4069, 4001, 1922, 249, 1922, 3923, 4069, 4001, 1922, 249, 3923, 910, 4069, 4001, 1922, 249, 3923, 1050, 4069, 4001, 3923, 910, 1050, 1922, 249, 3923, 1767, 1922, 249, 910, 1050, 4069, 4001, 1922, 910, 1050, 4069, 910, 4001, 249, 3923, 4001, 1922, 249, 3923, 910, 1050, 4069, 4001, 1922, 249, 4001, 1922, 249, 3923, 4001, 3899, 3923, 910, 2114, 249, 3923, 910, 1548, 1050, 4069, 2114, 2892, 249, 3923, 910, 1548, 1050, 4069, 2114, 3923, 910, 1548, 249, 3923, 910, 2114, 3923, 910, 1548, 1050, 4069, 2114, 249, 3923, 910, 1548, 1050, 4069, 2114, 249, 3923, 1050, 249, 3923, 1050, 4069, 2114, 1548, 249, 3923, 910, 1548, 2114, 3923, 910, 1548, 249, 3923, 910, 1548, 1050, 4069, 2114, 249, 3923, 910, 1548, 1050, 4069, 2114, 3923, 1548, 1050, 4069, 249, 3923, 910, 1548, 1050, 4069, 2114, 249, 910, 1548, 2114, 3923, 1548, 1050, 4069, 2114, 3923, 1548, 1050, 910, 1050, 4069, 2114, 3923, 910, 1548, 4069, 910, 1548, 2114, 249, 3923, 1548, 2114, 1018, 3923, 1548, 1050, 2114, 910, 2114, 249, 910, 1548, 3923, 910, 1548, 1050, 4069, 2114, 249, 910, 2114, 3923, 1548, 2114, 1050, 4069, 2114, 249, 3923, 910, 1548, 4069, 2114, 249, 3923, 910, 1548, 1050, 2114, 249, 910, 1548, 1050, 3923, 1548, 910, 2114, 910, 910, 1050, 4069, 2114, 249, 3923, 249, 910, 1050, 3923, 1050, 249, 3923, 910, 1050, 4069, 249, 3923, 910, 1548, 249, 3923, 1548, 1050, 3923, 1548, 4069, 2114, 1030, 1050, 4069, 249, 3923, 910, 1050, 4069, 249, 3923, 1548, 2114, 249, 3923, 910, 1050, 4069, 249, 3923, 1548, 2114, 4069, 2114, 910, 4069, 2114, 1548, 2114, 249, 3923, 910, 1548, 4069, 2114, 1050, 1548, 3923, 910, 2114, 3923, 249, 910, 1548, 1050, 3923, 910, 1548, 4069, 4634, 910, 1050, 4069, 2114, 3923, 910, 1548, 249, 1050, 2114, 249, 3923, 910, 249, 910, 1050, 2114, 1548, 2114, 3923, 910, 1548, 910, 1548, 1050, 249, 910, 4069, 2114, 249, 1548, 249, 910, 1548, 4069, 2114, 3923, 4069, 2114, 1548, 4069, 2114, 3923, 910, 1548, 4069]"
866,"[668, 1545, 179, 908, 1027, 1027, 2212, 2212, 1027, 1027, 1541, 2670, 2065, 2511, 665, 2511, 706, 495, 668, 3568, 3939, 4111, 3572, 1427, 179, 2670, 1545, 746, 1504, 179, 473]"
867,"[23, 179, 84, 4327, 4335, 179, 3984, 3272, 3644, 2464, 2439, 4335, 179, 3984, 194, 179, 84, 4327, 179, 4327, 1603, 4327, 4070, 102, 179, 129, 148, 169, 1755, 2379, 179, 4327, 179, 3984, 3272, 151, 4335, 4327, 3924, 151, 2439, 4327, 179, 151, 1145, 1109, 4335, 1145, 4398, 129, 4327, 2671, 179, 3984, 3272, 179, 4327, 4327, 179, 4327, 179, 4335, 1145, 3984, 3272, 3077, 2644, 416, 179, 151, 1872, 1145, 179, 3272, 179, 1145, 1755, 1872, 179, 129, 148, 1755, 416, 2439, 1659, 1612, 4327, 4327, 3953, 4335, 3211, 4327, 3953, 3199, 2516, 456, 3953, 4327, 3953, 4327, 179, 4327]"
868,"[406, 1714, 3541, 3664, 2209, 3541, 1027, 1801, 3839, 2321, 1203, 3541, 1714, 119, 3951, 1545, 119, 410, 1441, 3541, 151, 2457, 3249, 1726, 4013, 4213, 406, 3541, 666, 151, 4401, 2964, 278, 3541, 4135, 245, 2899, 1256, 4579, 4595, 1900, 4579, 645, 4595, 3195, 4595, 4579, 3541, 4494, 3541, 349, 2006, 2892, 1085, 312, 1682, 4579, 2321, 2252, 1563, 4595, 3541, 1809, 4579, 3541, 4579, 2077, 4494, 4595, 2077, 3541, 4494, 3541, 4595, 2077, 2840, 1848, 3686, 2077, 3541, 382, 3207, 1577, 3058, 2006, 169, 1545, 3541, 2077, 2077, 3541, 4042, 142, 2077, 3541, 2077, 2043, 4667, 3446, 2077, 3249, 76, 4595, 378, 2817, 2077, 3541, 4595, 1707, 249, 1008, 4595, 4494, 1712, 2106, 3082, 3541, 4595, 4494, 1075, 3082, 3541, 3082, 3541, 4579, 4519, 3082, 3082, 410, 1441, 3541, 2043, 4519, 3541, 3082, 410, 1441, 3541, 2457, 406, 4213, 4519, 13, 3541, 1270, 4460, 3541, 4460, 3282, 4579, 1197, 227, 2469, 4494, 4579, 3541, 2469, 227, 2469, 4425, 4579, 4425, 3541, 4460, 13, 4595, 4425, 3541, 4460, 13, 4579, 227, 4460, 4579, 4494, 324, 470, 324, 4460, 4595, 227, 2469, 4425, 3541, 227, 2469, 4425, 4494]"
869,"[378, 1779, 2541, 1779, 1509, 2331, 1779, 3326, 260, 4297, 2983, 337, 2379, 3436, 76, 77, 4801, 4805, 4297, 4513, 2451, 4297, 4099, 4297, 1976, 36, 378, 617, 2119, 213]"
870,"[3416, 793, 2782, 3416, 3416, 315, 3416, 1415, 2782, 3416, 2782, 3416, 2782, 3416, 2782, 3416, 2782, 2782, 1551, 439, 3416, 2782, 3416, 3416, 2782, 3416, 2781, 2782, 310, 2782, 3416, 2782, 3416, 3416, 2782, 2782, 3416, 3416, 2782, 3416, 2782, 3416, 2782, 2782, 3416, 3416, 2782, 2782, 3416, 652, 3416, 2782, 2781, 2782, 793, 2782, 2782, 4937, 439, 3416, 2782]"
871,"[3423, 3423, 4029, 4030, 4030, 4093, 1314, 3423, 4103, 3423, 1932, 1314, 3423, 3423, 4093, 1314, 3423, 2293, 3423, 4103, 3423, 3423, 1824, 328, 2269, 4103, 3173, 2512, 2293, 4103, 1314, 3423, 4103, 1932, 3423, 4103, 3423, 4103, 4760, 4103, 3423, 4217, 1726, 4103, 3423, 4103, 3423, 4788, 4103, 4788, 4103, 1314, 3423, 1638, 3968, 4103, 4103, 4194, 4788, 4093, 3423, 4103, 3423, 4103, 4029, 3423, 4788, 4103, 4030, 4103, 4788, 3423, 4760, 4103, 4103, 4788, 4103, 4103, 4788, 3423, 4103, 4788, 1314, 3423, 4103, 4788, 3423, 4103, 4103, 4788, 4103, 4788, 4103, 4103, 3423, 4788, 4103, 4103, 4760, 4788, 4103, 3423, 4685, 4788, 4788, 1314, 3423, 3423, 4788, 4685, 4760, 4030, 4788, 3423, 4788, 4103, 4788, 4030, 4030, 4103, 3423, 4103, 4788, 4103, 4896, 4788, 4896, 3423, 4788, 4788, 4103, 4788, 4896, 4103, 4103, 4788, 4896, 4093, 1314, 4788, 4103, 4788, 4103, 4896, 4093, 4972, 4103, 4685, 3423, 4981, 4093, 4194, 4626, 1314, 3423, 4103, 4788, 4972, 4685, 4103, 4788, 4760, 4760, 4685, 4788, 4685, 1314, 5013, 4194, 4685, 3423, 4981, 5013, 4788, 4981, 4093, 4896, 4030, 4521, 4626, 4194, 4972, 4030, 4029, 5021, 4981, 4981, 4103, 4103, 1886, 5013, 4972, 4103, 4896, 3423, 4981, 4685, 5021, 4972, 4194, 4685, 4093, 3423, 4981, 4030, 5013, 4972, 5013, 5021, 4788, 4896, 3423, 3423, 1314, 5013, 5021, 4685, 4972, 4103, 4030, 5013, 5021, 4972, 4788, 4103, 4685, 1314, 5013, 5021, 4972, 4103, 4685, 4760, 4972, 4685, 3423, 4029, 5013, 5021, 4685, 4093, 4788, 1314, 4093, 4030, 5013, 4685, 4788, 4194, 4029, 5021, 4788, 4103, 4103, 4788, 4981, 4896, 1932, 4972, 4103, 5013, 4972, 4103, 4788, 463, 5013, 4972, 2512, 4870, 4103, 4788, 4981, 832, 3423, 4685, 4194, 4030, 5013, 832, 2919, 5013, 5021, 1886, 4103, 4103, 4788, 4896, 4030, 4972, 3423, 5013, 4194, 1886, 4972, 4788, 4760, 5076, 4685, 2512, 4972, 4981, 5021, 5076, 4972, 4685, 5076, 4194, 4030, 5076, 5013, 4972, 5021, 4685, 4972, 4103, 5079, 5013, 5021]"
872,"[207, 3570, 2746, 3571, 122, 122, 3572, 3573, 3575, 124, 3574, 124, 3575, 124, 124, 3574, 3576, 3572, 3300, 3300, 2746, 3750, 3570, 2746, 122, 3571, 124, 3575, 3574, 4111, 124, 3573, 3572, 2746, 3570, 3571, 2746, 2746, 4111, 3574, 124, 3574, 124, 3573, 3572, 3576, 3570, 3750, 3750, 3571, 3570, 2746, 122, 124, 3572, 3574, 124, 124, 3573, 3572, 3570, 2746, 3750, 124, 122, 2746, 3570, 3571, 3573, 3572, 124, 4111, 3574, 3574, 3573, 124, 122, 3570, 2746, 3571, 4111, 3574, 3573, 124, 3576, 3572, 3570, 2746, 3750, 3175, 207, 745, 3528, 3528, 1249, 31, 31, 2174, 3570, 2746, 2746, 3353, 920, 31, 1249, 31, 3353, 2535, 920, 4354, 3570, 3570, 3750, 2746, 3571, 2746, 3570, 124, 3572, 124, 122, 3573, 4111, 3574, 3574, 124, 3574, 3575, 124, 124, 3573, 3572, 3572, 3570, 2746, 3750, 3570, 3571, 122, 4111, 124, 124, 3573, 3572, 3576, 3573, 3574, 124, 3570, 2746, 3750, 2746, 2746, 3750, 2746, 3573, 124, 3571, 3570, 124, 3574, 3572, 124, 3575, 124, 126, 124, 124, 3572, 3570, 2746, 3750, 2746, 3750, 3570, 3571, 122, 124, 3574, 124, 4111, 3575, 124, 124, 126, 124, 3570, 3572, 2746, 3750, 1873, 1873, 3528, 3451, 3528, 1219, 2626, 2626, 4354, 2746, 3750, 207, 207, 4349, 4349, 2503, 4349, 2503, 1074, 2746, 4354, 3750, 3570, 124, 3573, 4111, 3574, 3575, 124, 4111, 124, 3575, 3574, 3572, 3570, 3750, 3571, 122, 124, 4111, 124, 3574, 124, 3572, 3573, 3572, 2746, 2746, 3750, 3570, 2746, 3750, 2746, 3570, 3571, 122, 3572, 124, 3574, 124, 3573, 124, 3575, 124, 3572, 2746, 3750, 3570, 3570, 2746, 3570, 124, 124, 3573, 3574, 2746, 3570, 122, 122, 124, 3572, 3573, 124, 3574, 124, 124, 3572, 3576, 2746, 3570, 3750, 3574, 4111, 124, 3573, 3572, 3570, 2746, 3750, 3750, 2746, 3353, 2067, 2067, 4128, 2067, 4128, 2067, 1018, 920, 3353, 4354, 3570, 3570, 2746, 3750, 2746, 122, 122, 124, 3573, 4111, 3575, 124, 3572, 2746, 3750, 2746, 3570, 122, 3572, 3573, 124, 124, 4111, 124, 3575, 124, 3576, 3572, 3570, 2746, 3750, 2746, 3570, 3570, 2746, 4111, 2746, 2746, 3570, 122, 122, 1873, 435, 3451, 357, 2671, 2671, 170, 457, 4354, 2746, 3750, 2293, 2623, 4211, 2626, 1219, 1087, 2746, 3750, 1087, 2067, 4128, 1018, 1018, 2746, 3750, 3572, 124, 3573, 3574, 4111, 124, 3575, 3575, 124, 124, 3576, 3572, 2746, 3750, 1087, 2067, 4128, 2503, 2503, 2859, 1087, 2067, 207, 1087, 1087, 207, 4128, 1087, 2067, 1087, 2067, 457, 170, 1737, 207, 4354, 3750, 2746, 4131, 3571, 122, 124, 124, 3574, 3576, 124, 4131, 1087, 4354, 3750, 2746, 3750, 3750, 4354, 4893]"
873,"[3435, 3435, 3633, 3121, 3722, 3435, 3435, 3722, 3722, 3435, 3722, 2577, 3435, 3207, 3722, 3401, 3722, 3722, 3435, 3722, 2577, 2388, 3722, 3633, 3435, 3722, 3633, 3722, 2577, 3722, 3207, 1198, 3722, 3401, 3722, 256, 3207, 4075, 883, 474, 2664, 983, 3435, 3722, 983, 3722, 3606, 2765, 3249, 3276, 3722, 3207, 3722, 983, 2577, 3722, 3633, 3147, 983, 3207, 1198, 1863, 3722, 2577, 3633, 4272, 3435, 4879, 4879, 3722, 3435, 3207, 18, 4879, 3276, 2439, 4879, 3722, 3207, 3401, 2481, 3633, 3722, 3435, 3722, 3435, 3633, 3722, 3207, 3273, 2417, 4893, 4879, 3722, 3722, 3435, 4879, 2577, 4879, 4879, 3147, 3633, 4879, 3722, 3435, 4879]"
874,"[3453, 3471, 3504, 3630, 3471, 3630, 1666, 3504, 3471, 3630, 3987, 3630, 3471, 4000, 2235, 3504, 3987, 3504, 3987, 3504, 3630, 3504, 3630, 3504, 1513, 3630, 3987, 3504, 3504, 1159, 3504, 3504, 3987, 3471, 3987, 3784, 3471, 3471, 3504, 3630, 4000, 3504, 3504, 3471, 3504, 1922, 3829, 3504, 3471, 2350, 3504, 3471, 3504, 3630, 3987, 3504, 3987, 3504, 3504, 2476, 3471, 3630, 1513, 1992, 3471, 4736, 3987, 3504, 3471, 3453, 2364, 3987, 3504, 3471, 3504, 3471, 3630, 2350, 3504, 3630, 3453, 3471, 3471, 3504, 4000, 3471, 3987, 3504, 3987, 3504, 4736, 3471, 4000, 3987, 2350, 3630, 3471, 2235, 3471, 2442, 3987, 3471, 3504, 3504, 2350, 4736, 3453, 3504, 2350, 3987, 2350, 24, 1170, 3504, 3987, 3504, 3471, 3504, 3504, 3471, 3504, 3504, 2235, 4000, 3471]"
875,"[3454, 2590, 2590, 3454, 3454, 793, 3454, 3454, 82, 1950, 3454, 3793, 1911, 226, 3454, 2590, 2590, 3454]"
876,"[2524, 84, 1520, 4258, 4258, 443, 443, 2001, 4258, 2001, 3177, 1555, 4015, 4258, 4258, 4193, 2001, 1872, 1243, 1243, 2010, 4258, 4258, 364, 1959]"
877,"[256, 3578, 1018, 1158, 3159, 1832, 406, 142, 2489, 324, 324, 142, 3286, 559, 3262, 142, 1750, 142, 1627, 142, 2489, 142]"
878,"[1010, 2990, 102, 4116, 102, 4070, 659, 1231, 1579, 102, 1104, 4276, 897, 2750, 2801, 2247, 23, 26, 2566, 2094, 1579, 659, 3627, 2535, 2535, 188, 2094, 102, 227, 2501, 1493, 2488, 1781, 2241, 324, 3627, 2801, 102, 1579, 659, 2491, 2156, 324, 2241, 324, 188, 1252, 1010, 1010, 4053, 102, 1972, 1252, 188, 2094, 598, 2307, 2801, 102, 2188, 897, 2820, 61, 2823, 61, 510, 2626, 2293, 4659, 365, 4659, 1252, 188, 4659, 3629, 232, 2720, 617, 102, 510, 4659, 23, 4659, 102, 2801, 4659, 172, 102, 102, 1781, 2247, 102, 188, 1445, 188, 2187]"
879,"[1018, 3757, 3753, 3302, 352, 3431, 283, 899, 3751, 402, 2863, 283, 3751, 402, 352, 2863, 3757, 3753, 3302, 899, 3868, 283, 3751, 402, 352, 899, 2863, 3757, 3753, 3302, 3868, 283, 3751, 402, 352, 899, 2863, 3757, 3753, 3302, 3868, 3751, 402, 352, 899, 3868, 283, 2863, 3757, 3753, 3302, 3751, 402, 352, 899, 3868, 1614, 283, 2863, 3757, 3753, 3302, 3751, 402, 352, 899, 3868, 2463, 283, 2863, 3757, 3753, 3302, 3751, 402, 352, 899, 3868, 3197, 283, 3868, 3868, 1030, 4634]"
880,"[3204, 3504, 3979, 3504, 3979, 3979, 2558, 3979, 3979, 82, 82, 3979, 3979, 2364, 3979, 4292, 4589, 2364, 3204, 2558, 3979, 2364, 1513, 3107]"
881,"[2968, 406, 3878, 3112, 1709, 4206, 1709, 4206, 4206, 3878, 4206, 1709, 3878, 406, 3878, 1622, 4206, 3878, 4206, 4206, 1622, 1709, 3878, 3878, 3112, 3878, 3878, 4206, 4206, 2244, 1083, 3878]"
882,"[412, 841, 4129, 2889, 4129, 2889, 2868, 1931, 4002, 2889, 2868, 330, 2889, 841, 841, 3681, 4129, 841, 841, 4129, 4045, 4045, 38, 4129, 4045, 38, 2185, 226, 4045, 4129, 4045, 416, 4045, 38, 4045, 2868, 4045, 4045, 38, 4045, 4045, 841, 4045, 2439, 841, 4045, 4045]"
883,"[3070, 3871, 1074, 4161, 4161, 4317, 1215, 4317, 4161, 4161, 4442, 4161, 4161, 1543, 4161, 377, 2614, 1576, 1743, 2169, 170, 4161, 4317, 4317, 4161, 2148, 104, 4589, 4317, 4161, 4317, 4161, 4161, 4317, 4161, 4161, 1610, 4317, 104, 1636, 2242, 4161, 158, 377, 2242, 185, 61, 3658, 4317, 4161, 4261, 4801, 4317, 4161, 4317]"
884,"[499, 1018, 3223, 1638, 2326, 2851, 4276, 2326, 2326, 357, 4355, 357, 3276, 4413, 579, 1475, 1475, 3223, 394, 1018, 3842, 897, 3329, 1985, 2851, 2326, 3355, 3223, 668, 2851, 3115, 4355, 3223, 2851, 4355, 4355, 3519, 716, 3202, 4413, 4355, 2851, 2326, 324, 76, 3223, 394, 4355, 4355, 2749, 394, 1018, 324, 4413, 394, 4355, 1018, 2851, 499, 4355, 1696, 4413, 4355, 2451, 2714, 2326, 4355, 4355, 4314, 2326, 4355]"
885,"[3590, 2999, 3937, 1123, 4481, 1010, 2999, 617, 4016, 4800, 2311, 2999, 4800, 4800, 3802, 4800, 3486, 4800, 4800, 3802]"
886,"[1585, 54, 1205, 4385, 4440, 3045, 4385, 4385, 4440, 4385, 2787, 333, 3889, 3889, 4385, 4385, 3889, 4385, 4385, 3889, 3889, 4385, 1627, 175, 3118, 3889, 1591, 4385, 253, 3889, 4385, 3889, 3889, 4385, 2787, 253, 4385, 2787, 4385, 3889, 4385, 3889, 3889, 4385, 2787, 4385, 4385, 1585, 4269, 197, 2787, 253, 2787, 4385, 1585, 3889, 4385, 4385, 3889, 3889, 4643, 4643, 3889]"
887,"[3613, 3613, 2612, 3999, 3613, 2649, 2649, 739, 2651, 1485, 3613, 1605, 3613, 1605, 2649, 2183, 378, 1356, 2649, 3613, 2649, 4527, 1605, 1605, 4801, 3613, 3613, 4423, 3613, 3613, 363, 363, 310, 1385, 1485, 2462, 2293, 1605, 5053, 5078]"
888,"[1617, 2324, 1759, 3189, 1839, 3013, 4034, 1706, 1198, 3787, 2862, 4034, 4700, 1659, 2275, 3152, 597, 3080, 1621, 2462, 3411, 1475, 3666, 3444, 2905, 1196, 364, 1329, 3786, 337, 2275, 474, 3578, 2745, 1325]"
889,"[3038, 3070, 1951, 3640, 1173, 3646, 169, 1757, 357, 3012, 3714, 3715, 3297, 2914, 3689, 3640, 2816, 2451, 363, 169, 3798, 2536, 910, 2570, 1509, 2041, 3800, 2762, 1112, 269, 31, 3070, 1632, 3038, 3038, 3070, 899, 283, 3751, 402, 3757, 3302, 3753, 352, 2863, 2657, 1614, 791, 2898, 4571, 1030, 199]"
890,"[1922, 4328, 3053, 1922, 1922, 4415, 1922, 4328, 1922, 4328, 4483, 4484, 4483, 4415, 1922, 4484, 4517, 4517, 4526, 4483, 4526, 4526, 4532, 1922, 4328, 4517, 4526, 4526, 4532, 4328, 4526, 4532, 4526, 4526, 4532, 1922, 4517, 4483, 1922, 4328, 4483, 4526, 4517, 4483, 4629, 4629, 4484, 4532, 1922, 4328, 4526, 4415, 1922, 4629, 1922, 4517, 4629, 4517, 4483, 4484, 4526, 4526, 4532, 1922, 4532, 1922, 4328, 4526, 4532, 4328, 4484, 1922, 4532, 1922, 4526, 4484, 1922, 4415, 1922, 4526, 4517, 4532, 1922, 4629, 4483, 4532, 4415, 1922, 4526, 1922, 4328, 4629, 4483, 4532, 1922, 4484, 4526, 4532, 1922, 4483, 4526, 4328, 4532, 1922, 4328, 4629, 4833, 1922, 4517, 4629, 4532, 1922, 4483, 1922, 4415, 4328, 4328, 4484, 4629, 4415, 1922, 1922, 4629, 4526, 4415, 1922, 1922, 4328, 4328, 4415, 1922, 4328, 4833, 4415, 1922, 4328, 1922, 4328, 4328, 1922, 4526, 1922, 4328, 4532, 1922, 4328, 1922, 4328, 4484, 4415, 1922, 4328, 4328, 4532, 4328, 1922, 4328, 4629, 4532, 1922, 4328, 1922, 1922, 4629, 1922, 4328, 1922, 4328, 1922, 1922, 4629, 1922, 4960, 4629, 4483, 4833, 4629, 4960, 1922, 4328, 4328, 4960, 4960, 4833, 4629, 4960, 4960, 4484, 4833, 1922, 4484, 4526, 4833, 4517, 4526, 4629, 4960, 1922, 4484, 4517, 4484, 4833, 4526, 4484, 4517, 4960, 1922, 1922, 4328, 4960, 1922, 4517, 4484, 1922, 1922]"
891,"[1269, 2985, 4090, 357, 3324, 2545, 1018, 4457, 1995, 2109, 3801, 406, 2109, 4242, 880, 1568, 2480, 324, 1269, 2183, 2183, 2749, 4805, 4664, 149, 2524, 61, 1464, 2810, 3217, 406, 4261, 1269, 4893, 3512, 3283]"
892,"[3707, 3708, 2742, 3813, 92, 3818, 3819, 1506, 3880, 3818, 3819, 3926, 3707, 3708, 3976, 3707, 3708, 3976, 2636, 176, 3819, 3818, 3818, 3819, 3818, 3819, 3707, 3708, 3976, 3819, 3708, 3707, 4281, 2364, 3880, 3926, 3818, 3819, 3707, 3708, 3707, 3708, 3707, 3708, 3818, 3819, 3708, 3880, 3819, 3880, 3707, 3708, 3707, 3708, 3819, 3818, 3707, 3708, 3818, 3707, 3708, 3707, 3708, 3818, 3819, 207, 3976, 3880, 1389, 207, 324, 249, 1039, 1015, 324, 1389, 3880, 3818, 4589, 3707, 3708, 3976, 3819, 3818, 3880, 2004, 644, 3707, 3708, 3708, 3707, 3708, 3707, 3976, 3819, 3818, 3819, 3818, 3707, 3708, 3818, 3819, 3708, 3707, 3708, 3707, 3708, 3818, 3819, 3707, 3708, 3818, 3818, 3819, 3708, 3707, 3819, 3880, 3708, 3707, 3707, 3708, 3819, 3708, 3818, 3708, 3708, 3707, 3818, 3819, 3708, 3707, 4281, 3880, 3708, 3707, 3707, 3708, 3707, 3707, 3708, 3818, 3976, 3818, 3819, 3707, 3708, 3707, 3708, 3976, 3849, 238, 78, 3976, 4948, 3708, 455, 3818, 3819, 4948, 3707, 238, 4948, 3707, 3818, 3707, 4948, 3976, 3818, 3819, 3708, 4948, 4940, 4948, 3708, 4948, 3708, 3707, 3069, 3708, 3707, 4948, 3707, 3708, 1507, 3818, 3819, 3818, 3819, 4893, 3818, 4314, 3880, 3880, 2411, 3818, 4948, 3707, 3707, 4948, 3708, 4948, 3880, 4948, 3707, 4948, 3708, 3818, 3819, 4948, 3708, 1513, 3819, 3926, 3105, 3708, 4948, 3707, 3819, 3818, 3819, 3707, 1782, 3818, 3819]"
893,"[3354, 61, 3354, 3354, 3485, 3354, 4132, 3816, 3485, 3354, 3816, 653, 3354, 4205, 3354, 4276, 3354, 4205, 2806, 3354, 4205, 3354, 4205, 3354, 4213, 4213, 1545, 3354, 3816, 3668, 4205, 4205, 3354, 4132, 3816, 3485, 3816, 4205, 3354, 4132, 3816, 4132, 3354, 3354, 61, 4213, 406, 3354, 4205, 3354, 3816, 4205, 4213, 406, 3485, 3354, 3485, 3816, 3668, 3354, 3816, 4213, 3816, 4589, 4589, 3354, 3668, 1988, 1147, 1729, 3130, 4616, 4616, 3354, 3816, 4616, 4205, 3668, 4132, 4616, 3354, 4616, 4132, 4205, 4616, 3485, 4132, 4132, 653, 3816, 4616, 4616, 4205, 3354, 4616, 61, 3354, 3354, 4205, 3668, 2673, 3354, 31, 31, 3354, 3354, 4616, 4616, 61, 3354, 3485, 4213, 4213, 4205, 3354, 4132, 4616, 3354, 1202, 151, 4205, 3354, 3354, 4132, 3354, 26, 4205, 4205, 3816, 3354, 4132, 3354, 61, 3816, 3354, 1753, 226, 102, 4616, 3196, 4893, 4893, 4314, 4205, 61, 4616, 897]"
894,"[3721, 3903, 3871, 407, 4021, 3903, 4056, 4056, 3721, 407, 4021, 4056, 4021, 4021, 4056, 3903, 4265, 3903, 4276, 3721, 407, 3903, 3721, 3903, 3721, 3903, 407, 3721, 407, 3721, 4021, 4056, 779, 3903, 3721, 3721, 4021, 4056, 407, 3903, 78, 4056, 407, 4021, 4056, 4021, 4056, 407, 4056, 4021, 4056, 3721, 3903, 3903, 3721, 407, 407, 3721, 4056, 572, 4056, 572, 3721, 4056]"
895,"[3724, 2572, 3776, 3724, 2836, 3863, 2354, 3675, 3724, 2836, 3724, 3724, 2836, 3220, 3724, 2836, 3724, 3724, 3863, 2836, 319, 3724, 2836, 3220, 3724, 3489, 2836, 3724, 3724, 2836, 3724, 3863, 3724, 3340, 3098, 3863, 4410, 3724, 3724, 2836, 3863, 2836, 3724, 3863, 406, 406, 3724, 3489, 2836, 3724, 3863, 3724, 3202, 3724, 3367, 3202, 2836, 3724, 2836, 3724, 2836, 3724, 2836, 3724, 3438, 2836, 3724, 3863, 2354, 3724, 2820, 61, 2836, 3863, 3724, 2836, 3724, 3863, 2836, 3724, 3724, 2836, 3863, 3724, 3223, 3724, 3863, 3724, 2836, 3724, 2836, 2836, 3724, 3681, 3724, 3202, 3724, 2836, 3724, 3863, 3724, 3438, 3724, 3202, 3724, 2836, 2500, 3724, 2836, 2836, 3724, 3724, 614, 1211, 3724, 3724, 2670, 3724, 2836, 3863, 3724]"
896,"[3390, 2502, 3246, 1123, 3066, 3390, 2213, 4307, 1173, 3881, 2502, 2502, 541, 883, 2882, 2502, 2833, 493, 1222, 1659, 2646, 3390, 1475, 3640, 3131, 1112, 4259, 1614, 2410, 4259, 1593, 4259]"
897,"[61, 406, 3451, 31, 1445, 428, 428, 31, 83, 2783, 2477, 3378, 991, 61, 226, 357, 406, 3197, 4571, 1030, 2722, 1075, 441, 199, 363, 4152, 3071, 2674, 4634, 3210, 3646, 357]"
898,"[3614, 2847, 3219, 2568, 2847, 3069, 3796, 3141, 1087, 3849, 2300, 2300, 2154, 2364, 719, 3796, 30, 1828, 1170, 81, 3849, 4281, 3967, 2688, 249, 3146, 1183, 2300, 3796, 3967, 2594, 3967, 1768, 1782, 3796, 3105, 425, 3967, 1812, 3796, 3967, 3796, 82, 1950, 3967, 2300, 3796, 3018, 2364, 2585, 4573, 12, 3856, 1507, 1506, 3856, 4573, 4573, 3849, 3796, 3796, 3967, 1828, 3033, 2585, 4573, 4573, 4940]"
899,"[1183, 4531, 4477, 226, 1053, 3495, 1183, 1950, 3495, 4477, 3495, 4477, 2239, 352, 3495, 3495, 2636, 1183, 1919, 2239, 226, 4477, 4477]"
900,"[2964, 2447, 1087, 4311, 4314, 3199, 2519, 1576, 18, 3528, 406, 1112, 1720, 1613, 324, 102, 2111, 3252, 2526, 2493, 3121, 76, 2489, 3068, 391, 3038, 2039, 2422]"
901,"[3865, 3873, 3873, 2840, 491, 3865, 732, 406, 61, 3865, 2244, 3873, 2244, 3865, 3873, 3865, 3873, 3873, 324, 2652, 780, 3865, 2840, 3865, 3873, 3865, 3873, 3873, 1767, 3873, 1090, 1018, 2183, 3873]"
902,"[2162, 3871, 1313, 3932, 1313, 3932, 3732, 598, 1659, 4589, 1935, 3593, 4589, 3324, 1313, 3932, 2559, 4750, 3732, 3932, 504, 3732, 3932, 1313, 4801, 1873, 3732, 3932, 1313, 3052, 3732, 61, 66, 2559, 3932, 4856, 4541, 61, 4856, 3932, 3732, 4856, 1313, 3732, 1313, 3732, 61, 1010, 61, 4856, 3932, 4856, 4893, 4893, 4314, 1313, 3732, 5048, 5053, 3932, 4856]"
903,"[2863, 352, 402, 3753, 357, 3393, 4605, 181, 181, 4605, 3393, 4605, 791, 181, 4605, 3393, 3341, 4605, 4605, 181, 249, 61, 61, 4605, 3322, 3492, 2170, 4605, 443, 4605, 1659, 1484, 26, 78, 4605, 4605, 61, 4605, 4605, 3341, 4605, 2488]"
904,"[83, 1015, 1030, 83, 1015, 1030, 83, 1015, 1030, 83, 1015, 1030, 1030, 1862, 83, 83, 3528, 1015, 1030, 3528, 1015, 1030, 1015, 83, 83, 3528, 1015, 1030, 2572, 2844, 3346, 324, 357, 83, 170, 2114, 249, 2839, 3146, 1, 897, 2820, 61, 61, 1010, 61, 2820, 897, 1252, 1325, 249, 442, 1030, 1030, 1389, 406, 83, 170, 5022, 2096, 3218, 1325, 257]"
905,"[82, 333, 504, 1758, 325, 3756, 321, 598, 504, 4280, 4378, 4418, 3756, 1652, 4254, 1567, 138, 3528, 2116, 1561, 527, 1156, 324]"
906,"[745, 3957, 745, 3957, 269, 745, 3957, 745, 3957, 4008, 745, 745, 3957, 745, 3957, 1158, 3957, 3957, 745, 3957, 269, 745, 3957, 3599, 745, 3957, 745, 3957, 745, 3957, 745, 3957, 745, 3957, 549, 3012, 745, 3957, 745, 3957, 2538, 745, 3957, 745, 3957, 745, 3957, 745, 3957, 1950, 745, 745, 3957, 745, 3957, 745, 3957, 269, 745, 3957, 745, 3957, 745, 3957, 745, 3957, 3957, 745, 3957, 745, 3957, 745, 3957, 745, 3957, 1950, 644, 745, 745, 3957, 333, 745, 3957, 4402, 745, 3957]"
907,"[3966, 3991, 3966, 4026, 4036, 3991, 4055, 3991, 1504, 1313, 4156, 4026, 3053, 2175, 3966, 4156, 4055, 4055, 3991, 2816, 3991, 4156, 4055, 2175, 3728, 1313, 4055, 3991, 2175, 4055, 3991, 3991, 2175, 3966, 243, 4055, 3991, 4156, 4055, 3991, 2175, 3966, 1747, 4026, 1698, 4156, 4436, 4445, 4311, 4055, 3991, 2175, 4156, 4026, 4055, 3991, 2175, 3966, 4055, 3991, 4156, 4055, 3991, 2175, 4156, 4445, 4055, 3991, 2175, 2881, 2465, 4055, 3991, 2175, 711, 4026, 4036, 3991, 2175, 3966, 3991, 4156, 3040, 4026, 363, 2844, 4589, 1170, 4156, 4055, 3991, 1462, 2175, 2060, 3991, 4055, 2175, 3991, 1931, 4649, 1962, 4649, 4156, 4036, 3991, 4156, 4026, 4055, 3991, 4036, 3991, 2175, 1962, 2379, 2175, 4156, 4055, 3991, 3991, 2175, 3252, 4055, 3991, 249, 4156, 4574, 4445, 4156, 4055, 3991, 4055, 3991, 4911, 4156, 3359, 2175, 4911, 4649, 4649, 4055, 4932, 3991, 1931, 4911, 1662, 378, 3209, 363, 4156, 4055, 3991, 3991, 257, 257, 2175, 4649, 862, 4036, 4911, 4649, 4156, 4055, 3991, 2175, 4911, 4445, 4055, 4036, 3991, 4036, 4932, 2319, 4036, 4156, 4055, 3991, 3701, 4055, 3991, 106, 3991, 4932, 3991, 4911, 4156, 4156, 4911, 4574, 4445, 4911, 4649, 1313, 2742, 4026, 4314, 4055, 4911, 4036, 3991, 4055, 3991, 4156, 4932, 3991, 5048, 1699, 4156, 5053, 4055, 4911, 4156, 4649, 4156, 4156, 4055, 4932, 3701, 3982, 3701, 1560, 4445, 4311, 1313, 4649, 1313, 4156, 1699, 4156, 4055, 3516, 4055, 3991, 4649, 1961, 1631, 1707, 4036, 4156, 5079, 5078, 4156]"
908,"[2198, 3500, 249, 2688, 337, 3720, 393, 1698, 3534, 3165, 2734, 3165, 2734, 2734, 352, 31, 3218, 2706, 2734, 4795, 3534, 3165, 4795, 4795]"
909,"[3983, 3996, 3983, 4046, 3983, 4083, 3983, 3983, 4083, 3983, 4083, 3983, 3983, 4046, 3996, 4046, 4083, 4046, 4046, 4576, 3996, 4577, 3996, 4046, 4046, 4083, 3983, 4083, 4046, 4046, 4576, 4577, 3983, 4083, 4046, 4046, 4576, 3996, 4577, 4083, 4046, 4576, 4577, 3996, 3983, 4083, 4046, 4046, 4576, 4577, 4083, 4576, 4083, 4576, 3996, 4577, 4083, 4046, 4576, 3996, 4083, 4576, 3996, 4083, 4046, 4046, 4576, 4083, 4046, 4083, 4083, 4576, 3996, 4083, 4046, 4083, 4083, 4046, 4577, 4083, 4046, 3996, 3996, 4577, 4577, 4083, 4046, 4576, 3996, 4577, 4046, 3983, 4046, 4576, 3983, 4046, 4577, 38, 3983, 4083, 4046, 4083, 3983, 4083, 4046, 4046, 3996, 4577, 3983, 4046, 4046, 3081, 3983, 3983, 1716, 38, 3996, 2591, 3996, 4577, 3996, 3983, 3983, 4046, 4046, 4577, 4046, 4046, 3983, 4577, 4046, 4576, 4046, 4083, 38, 3983]"
910,"[896, 896, 4064, 26, 4127, 1512, 197, 3905, 256, 2384, 977, 896, 4242, 3035, 896, 3217, 896, 896, 1215, 3325, 2812, 363, 1612, 463, 3325, 3604, 1112, 3595]"
911,"[3774, 1720, 2869, 1873, 1975, 669, 319, 1786, 3150, 4261, 1191, 1988, 2765, 4266, 4422, 3876, 2384, 1925, 319, 4383, 3604, 1173, 1429, 62, 3745, 2519, 559, 2007]"
912,"[1077, 3208, 3482, 3322, 3563, 3208, 3742, 1925, 226, 2513, 2017, 2293, 1925, 4290, 1077, 2671, 3678, 2217, 2918, 4290, 4259, 1614, 61, 1925, 2815, 4383, 3322, 3735, 1426, 3894, 3000, 1378, 18, 1925, 3894, 2512, 443]"
913,"[61, 1010, 1010, 4012, 61, 3658, 1010, 1010, 4035, 3896, 4039, 4040, 4041, 4039, 61, 1010, 4035, 4053, 4012, 61, 1010, 4118, 61, 1010, 4035, 3896, 4039, 4041, 4039, 61, 1010, 4035, 4053, 4012, 1010, 61, 4012, 61, 1010, 1010, 4012, 4118, 4118, 406, 406, 3699, 406, 61, 1010, 1010, 4118, 4118, 61, 3658, 3896, 4041, 61, 1010, 4035, 4053, 4012, 4035, 3896, 4039, 4041, 4041, 4053, 1010, 4118, 4012, 3896, 4039, 61, 4035, 1010, 4053, 61, 1010, 4012, 61, 1010, 4118, 1010, 4118, 4012, 61, 1010, 3658, 4035, 4040, 61, 1010, 4053, 4012, 61, 1010, 4035, 3896, 4039, 4040, 4039, 61, 1010, 4035, 1010, 4053, 4118, 4012, 1010, 61, 4012, 4035, 3896, 4039, 4040, 4041, 3896, 61, 1010, 4118, 61, 1010, 4012, 4035, 3896, 4039, 4040, 4041, 4039, 61, 4035, 1010, 4118, 4012, 61, 1010, 4035, 3896, 4039, 4040, 82, 644, 82, 644, 4039, 3896, 4040, 4041, 4039, 61, 1010, 4035, 4053, 644, 61, 1010, 4039, 4040, 4041, 4040, 82, 644, 61, 4012, 4035, 3896, 4039, 4040, 4041]"
914,"[4018, 1086, 378, 1086, 4018, 384, 390, 1142, 2307, 2188, 4018, 378, 384, 1142, 2188, 2188, 1142, 390, 384, 1086, 4018, 4018, 2889, 4232, 3549, 4563, 4018, 4018, 881, 4018, 4018, 4563, 4018, 2205, 4563, 4018, 4563, 4563, 4018, 4563, 2050, 3381, 3380, 3417, 3420, 2758, 3422, 4115, 3433, 3421, 139, 578, 877, 2052, 3280, 4049, 3618, 4563, 4018, 4563, 3618, 3280, 2052, 877, 3433, 1622, 3433, 3422, 2758, 3415, 4018, 4563, 3280, 677, 877, 578, 1744, 1228, 1744, 3421, 3433, 2758, 3420, 3417, 3415, 3380, 3381, 4563, 4018, 4018, 4563, 2277, 3380, 3415, 3420, 3422, 3433, 3421, 1744, 4115, 3422, 2758, 3415, 3380, 3381, 2277, 4563, 4018, 4018, 4563, 3618, 3280, 2052, 877, 139, 1744, 1228, 3421, 3433, 4115, 3422, 2758, 3420, 3415, 3380, 4018, 4563, 2050, 2277, 3417, 3420, 2758, 3422, 4115, 3421, 1228, 1744, 3433, 4115, 4563, 4018, 4018, 1744, 4018, 4563, 4018, 4563, 4018, 4018, 3202, 4018, 4018, 3202, 4018, 4018]"
915,"[61, 82, 2657, 2887, 3019, 4076, 1609, 3197, 2924, 3043, 377, 2230, 3980, 669, 2430, 3492, 3328, 3715, 3605, 245, 4155, 1593, 2516, 4160, 4130, 3378, 3544, 2538, 3682, 2889, 2016, 2423, 3070, 357, 991, 2925, 1765, 4634, 4634, 78]"
916,"[2744, 684, 2352, 4067, 1387, 1288, 1485, 2721, 2820, 1824, 1632, 3118, 2816, 363, 3776, 3092, 1632, 3694, 199, 1966, 4700, 1824, 1966, 1914, 2180, 1494, 1901, 3377, 1179, 3740, 249, 3092, 1578, 1022, 102, 2083, 31, 76, 2913, 249, 1211, 3206, 1022, 1964, 1951, 3020, 1030, 69, 3970, 3344, 3084, 4155, 337, 3776, 1873, 2293]"
917,"[60, 2889, 2868, 1010, 61, 1010, 137, 137, 4697, 2889, 2559, 2417, 2417, 4130, 2868, 2889, 2559, 3372, 2559, 3372, 4300, 2889, 4697, 4697, 4958, 4697, 4958, 4958, 4697, 4697, 4958, 4958, 4959, 4697, 4362, 4958, 4362, 4362, 4959, 4362, 4362, 4959, 982, 4958, 4958, 4959, 4959, 982, 4959, 982, 4958, 982, 4959, 4959, 4958, 4958, 4959, 982, 4959, 4958, 4959, 4958, 4959]"
918,"[2001, 419, 3733, 3794, 1872, 717, 419, 717, 717, 1786, 406, 406, 717, 624, 1469, 419, 406, 1904, 80, 249, 4531, 406, 406, 419, 4426, 717, 419, 2590, 1621, 2026, 61, 419, 4801, 1062, 3070, 1638, 717, 717, 4016, 717, 2816, 717, 1062, 245, 474, 3447, 372, 3512, 2662, 419, 717, 1998]"
919,"[4107, 4108, 4107, 4108, 3746, 362, 4107, 4108, 4107, 4108, 4107, 4108, 4107, 4107, 3437, 4107, 4108, 362, 3746, 4108, 5007, 5007, 292, 4108, 5007, 4108, 5007, 5007]"
920,"[2643, 151, 845, 2669, 3046, 3662, 4014, 3662, 1903, 35, 1682, 1460, 337, 1903, 83, 1051, 23, 1903, 249, 2769, 3195, 1075, 911, 2293, 226, 2047, 1568, 2512, 1903, 21, 999, 1066, 2512, 1903, 1903, 142, 4196, 406, 4168, 142, 21, 1075, 1903, 4713, 324, 260, 2196, 142, 1215, 172, 142, 2237, 1903, 3176, 1372, 1372, 2512, 226, 3363, 2512]"
921,"[1175, 1530, 1175, 1175, 4065, 3150, 1175, 4067, 1175, 1967, 2123, 1157, 2443, 3512, 1175, 4176, 1175, 324, 4520, 4028, 3240, 3249, 1761, 1075, 4520, 3491, 3537, 1761, 2932, 31, 1001, 2700, 2570, 3491, 4176, 1175, 1175, 1979, 1923, 1175, 241, 3120, 1713, 245, 791, 1381, 1761, 4426, 1761, 245, 1761, 3098, 887]"
922,"[4158, 1637, 4158, 1637, 1637, 1526, 1526, 4158, 1637, 1637, 4158, 1637, 1637, 4158, 1637, 4158, 4158, 2069, 4158, 1526, 4047, 1850, 4047, 4158, 4158, 4047, 4158, 1637, 4158, 1637, 4158, 4047, 2069, 649, 1389, 1389, 2241, 2293, 324, 649, 4158, 1637, 4158, 1637, 4158, 82, 4829]"
923,"[897, 324, 83, 897, 463, 3013, 83, 607, 2566, 897, 4257, 607, 1087, 243, 151, 463, 83, 3380, 3494, 3380, 83, 2566, 897, 607, 2566, 2566, 897, 2566, 188, 4257, 2566, 897, 897, 2566, 4257, 324, 463, 83, 4257, 607, 2566, 897, 324, 83, 491, 3132, 249, 3063, 3132, 607, 2566, 897, 897, 2566, 2566, 897, 4257, 607, 897, 4148, 2538, 463, 83, 4257, 607, 2566, 897, 897, 2566, 188, 3236, 151, 3132, 4527, 2354, 463, 4257, 4534, 2566, 897, 897, 2566, 188, 897, 324, 35, 3331, 1173, 83, 4257, 2566, 188, 1735, 83, 83, 3076, 83, 4606, 2055, 1285, 1285, 83, 151, 1823, 2293, 151, 83, 1285, 4257, 607, 897, 2566, 2566, 897, 83, 20, 2354, 463, 83, 4257, 4647, 4257, 607, 1285, 4606, 4257, 4647, 2566, 897, 2566, 188, 4647, 4647, 4257, 607, 2054, 2566, 897, 607, 897, 897, 188, 2566, 4257, 4647, 607, 2566, 151, 3213, 83, 4257, 4606, 2566, 897, 4450, 188, 4257, 4647, 491, 3260, 378, 249, 2293, 249, 83, 1285, 3380, 491, 151, 249, 2293, 151, 463, 83, 4257, 4647, 4606, 324, 83, 4647, 2054, 491, 4257, 4647, 607, 1285, 2566, 897, 188, 2566, 4606, 2054, 897, 324, 3528, 83, 4257, 83, 4257, 4647, 2566, 4257, 4647, 3236, 83, 4099, 2927, 4099, 607, 324, 463, 83, 4647, 4257, 2566, 897, 324, 151, 463, 83, 4257, 3236, 83, 151, 463, 4647, 4257, 1285, 463, 83, 1285, 4257, 607, 2566, 897, 3286, 463, 83, 607, 2054, 2566, 897, 188, 1018, 4257, 491, 460, 151, 463, 83, 4257, 4257, 1603, 463, 897, 188, 4257, 3236, 83, 2293, 463, 83, 4257, 897, 4257, 249, 463, 83, 4257, 2566, 2566, 4257, 4450, 1252, 2437, 188, 3260, 4257, 4606, 4450, 4257, 83, 4257, 324, 463, 4257, 2566, 897, 897, 324, 3132, 607, 607, 4450, 4257, 83, 3187, 3132, 83, 151, 463, 83, 83, 3132, 3132, 151, 4196, 1935, 4257, 83, 151, 83, 3132, 483, 83, 4257, 483, 4257, 2354, 1823, 1325, 4257, 5017, 5017, 4257, 4606, 83, 5017, 3132, 5017, 4257, 2531, 3260]"
924,"[333, 324, 4186, 4186, 1364, 4186, 3027, 4186, 406, 406, 4521, 4186, 4186, 4030, 4186, 4186, 4521, 4626, 4186, 4186, 498, 4186, 4186, 498, 4186, 4186, 4310, 4186, 4186, 4030, 4186, 4186, 3359, 4186, 4186, 1462, 3359, 4186, 4186, 4310, 1659, 994, 4186, 3730, 4310, 4626, 4521, 4310, 4310, 4186, 4310, 4030, 4521, 4310, 3516, 4186, 4310, 4521, 4310, 61, 4310, 4521, 4626, 4208, 4310, 4521, 4972, 4186]"
925,"[3909, 4197, 4197, 3909, 4197, 4197, 1674, 4448, 4449, 2781, 42, 1904, 4197, 1248, 1431, 42, 1904, 2112, 3739, 1904, 42, 3909, 4197, 3909, 3909, 4197, 4197, 1248, 4078, 1674, 3909, 4197, 3909, 4197, 4197, 2240, 378, 1627, 4197, 4197, 1248, 1431, 4078, 1674, 4197, 3909, 1415, 2256, 4197, 4197, 3909, 4197, 3909, 4197, 3874, 4197]"
926,"[1938, 1313, 3354, 2770, 4157, 4219, 4223, 1938, 4234, 1313, 3354, 4223, 2770, 4250, 4157, 4223, 2770, 1313, 2742, 1170, 207, 4223, 4223, 179, 4219, 4223, 3202, 4223, 2770, 4250, 4157, 2770, 4223, 1938, 4234, 1056, 4285, 1933, 3505, 1056, 4223, 4234, 1313, 4223, 4157, 4223, 1938, 4234, 2770, 4223, 2118, 4250, 4157, 2770, 4219, 1930, 1879, 48, 1905, 4219, 1313, 4392, 1170, 1938, 4234, 4392, 4223, 2770, 4157, 179, 3644, 3562, 4092, 4250, 2770, 4250, 4157, 4223, 2770, 4439, 4219, 179, 1595, 179, 4219, 1489, 4223, 2770, 4250, 1938, 4234, 1313, 4223, 1938, 4234, 3505, 4392, 1313, 4223, 3354, 1313, 1938, 4234, 4223, 4157, 4223, 1938, 4392, 4157, 4223, 4223, 1938, 4234, 4392, 4250, 4223, 4223, 1938, 4234, 4250, 4157, 4223, 1313, 1938, 1313, 1938, 4234, 4250, 4157, 2770, 4223, 2770, 4223, 61, 3372, 4223, 2770, 4157, 4223, 4223, 4250, 4157, 4223, 1938, 4157, 4223, 1938, 1938, 1313, 4250, 4223, 4223, 2770, 4223, 4250, 4219, 4250, 4157, 4223, 2770, 4223, 4439, 2770, 4250, 1595, 4092, 4219, 4157, 1938, 1938, 4223, 3354, 1313, 1938, 1056, 4157, 4223, 1938, 4223, 4157, 1938, 1938, 4392, 1313, 1938, 4250, 1938, 1056, 221, 4392, 1313, 4223, 4223, 1938, 1056, 221, 1879, 1578, 48, 1938, 4392, 48, 4997, 1938, 4392, 4223, 1938, 5004, 1313, 48, 1793, 4997, 1938, 1938, 4392, 1938, 1056, 4392, 48, 5033, 48, 48, 4392, 1313, 3354, 1793, 48, 4645, 48, 1938]"
927,"[4199, 38, 4227, 4235, 2632, 4227, 4227, 4235, 4199, 102, 2815, 2112, 4235, 2112, 3106, 3829, 2112, 4227, 4227, 2112, 4227, 4235, 4227, 4235, 2112, 4235, 2112, 4199, 81, 4235, 2512, 4179, 4199, 4235, 3829, 4180, 2112, 2112, 4235, 4199, 2678, 4199, 4235, 4235, 4199, 4235, 4199, 2112, 4199, 4180, 4199, 4199, 4730, 4227, 4199, 4730, 3106, 4235, 2112, 4199, 4730, 4235, 4730, 4199, 4235, 4730, 4235, 4199, 2112, 4730, 4199, 4199, 4730, 3010, 4227, 4235, 4199, 4235, 4730, 4199, 4235, 2112, 4199, 4730, 129, 1550, 4235, 4199, 4730, 4235, 2112, 4199, 4730, 2557, 4227, 4730, 4227, 4235, 3052, 4235, 4227, 4235, 2112, 4199, 4235, 2112, 4881, 4884, 4235, 4887, 4884, 4900, 4901, 4235, 2112, 4881, 4881, 2112, 129, 4881, 4884, 4235, 4901, 4900, 1576, 2112, 1, 2603, 2603, 1, 4884, 4881, 2112, 4227, 2112, 4881, 4884, 2112, 4235, 4884, 1520, 2112, 3084, 4227, 4235, 4235, 2112, 4881, 4884, 4901, 4235, 4900, 5063, 2112, 2112, 4900, 2491, 4235, 2112, 4235, 2112, 5063, 4227, 2112, 4059, 4900]"
928,"[4203, 4346, 4086, 4203, 4203, 4346, 4203, 4687, 4203, 4713, 4203, 4346, 4203, 4713, 4086, 4203, 4346, 4086, 4687, 4203, 4713, 4203, 4731, 4346, 4086, 4687, 4203, 4086, 4713, 2942, 4687, 4687, 4203, 4713, 4203, 4731, 4346, 4086, 4086, 4687, 4203, 4713, 4203, 4203, 4731, 4346, 4086, 4203, 4346, 4687, 4203, 4713, 4731, 4346, 4203, 4086, 4687, 4203, 4713, 4203, 4086, 4687, 4687, 4203, 4713, 4203, 4731, 4346, 4203, 4086, 4687, 4203, 4713, 4346, 4086, 4687, 4687, 4203, 4203, 4687, 4203, 4713, 4203, 4346, 4203, 4086, 4713, 4346, 4203, 4713, 4203, 4713, 4731, 4346, 4687, 4687, 4713, 4731, 4687, 4823, 4687, 4713, 4203, 4203, 4713, 4203, 4731, 4346, 4203, 4687, 4203, 4203, 4731, 4687, 4687, 4203, 4346, 4086, 4687, 4203, 4713, 4203, 4346, 4086, 4203, 4687, 4731, 4346, 4687, 4687, 4823, 4687, 4203, 4713, 4203, 4731, 4203, 4203, 4713, 4203, 4731, 4346, 4203, 4086, 4687, 4687, 4203, 4203, 4713, 4203, 4203, 4713, 4203, 4086, 4687, 2942, 4687, 4731, 4687, 4346, 4086, 4687, 4987, 1861, 4203, 4713, 4203, 4713, 4687, 4203, 4203, 4731, 4203, 4987, 4203, 4203, 4346, 4086, 4687, 4687, 4346, 4086, 4987, 4203, 4713, 4203, 4203, 4713, 4203, 4346, 4203, 4687, 4987, 4203, 4203, 4713, 4203, 4731, 4203, 4086, 4687, 4731, 4346, 4086, 4687, 4987, 4203, 4203, 4731, 4203, 4086, 4687, 4687, 4346, 4987, 4203, 1861, 4713, 4203, 4731, 4086, 4987, 4203, 4687, 4987, 4713, 4687, 4346, 4086, 4687, 4987, 4203, 4203, 4731, 4346, 4731, 4346, 4086, 4687, 4687, 2942, 4687, 4687, 4987, 4713, 4203, 4203, 4687, 4987, 4203, 4731, 4086, 4687, 4203, 4687, 4687, 2942, 4687]"
929,"[2166, 3255, 31, 1791, 2898, 1202, 3782, 2209, 2166, 3255, 3277, 2166, 2166, 2967, 4700, 2166, 2166, 3538, 2166, 3240, 2166, 3254, 2166, 2166, 3359, 3254, 2166, 2166, 3255, 2166, 4137, 3108, 2166, 2166, 3293, 31, 2166, 2166, 3359, 2166, 2166]"
930,"[1042, 598, 4220, 516, 2623, 711, 1170, 24, 1207, 4220, 3350, 3793, 598, 4220, 4220, 4513, 3647, 4220, 4220, 4450, 4220, 3918, 4220, 1775, 4220, 791, 260, 598, 4220, 2572, 363, 208, 2566, 3647, 4220, 4893, 4893, 4220, 4220, 597, 2691]"
931,"[2371, 1520, 2953, 883, 1632, 1485, 428, 61, 175, 1219, 1685, 369, 3365, 1659, 3604, 369, 428, 2883, 151, 18, 4321, 369, 428, 3791, 1520, 1112, 2359, 1075, 889, 69, 369, 2955, 4321, 1998, 883, 493, 3224, 4321, 3791, 369, 1119, 1974, 1819, 75, 1998, 2644, 789, 175, 3427, 889, 889, 883]"
932,"[3972, 3736, 4276, 1494, 3061, 2297, 908, 2184, 4474, 4482, 3681, 3692, 2917, 4546, 4075, 1018, 4589, 195, 4625, 4625, 3463, 4546, 4546, 4075, 2569, 82, 4546, 4474, 3463, 3224, 4625, 4474, 3463, 4625, 4625, 4546, 4474, 4482, 690, 4625, 4474, 4546, 4482, 4893, 4625, 344, 4474, 4482, 406, 1211, 690]"
933,"[3324, 897, 61, 4467, 2437, 188, 2664, 2439, 2439, 3658, 61, 1137, 897, 2664, 2439, 897, 2664, 48, 48, 38, 3727, 1137, 3827, 4467, 61, 1010, 324, 897, 48, 48]"
934,"[4224, 4246, 4277, 4246, 257, 2632, 1966, 257, 4320, 4224, 4224, 4320, 4246, 4224, 4320, 4277, 4320, 4224, 4224, 4320, 4246, 4246, 4320, 3555, 4320, 4246, 257, 226, 324, 4246, 4320, 4320, 3402, 4246, 4320, 4246, 4320, 4246, 3402, 4320, 4320, 1585, 4320, 4246, 4320, 3402, 4246, 4320, 4246, 3402, 4320, 4320, 257, 226, 4702, 170, 1940, 4320, 3402, 4246, 4277, 617, 1744, 1228, 257, 257, 170, 4010, 170, 257, 4320, 331, 4320, 4320, 1585, 331, 4320, 4246, 4320, 4246, 4320, 4320, 2420, 3402, 4320, 4246, 4320, 4246, 257, 1173, 475, 4320, 257, 4246, 4320, 4246, 1626, 2420, 4320, 4246, 257, 170, 4320, 4246, 4320, 4246, 4320, 4246, 4320, 4246, 4320, 4246, 4246, 4320, 4246, 4246, 4224, 4320, 176, 4320, 4246, 4320, 4320, 4246, 4320, 170, 4320, 3402, 4246, 4320, 4246, 1997, 365, 185, 4320, 4246, 3182, 4246, 4246, 2192, 365, 2777, 4246, 2787, 2787, 333, 333, 2787, 4320, 4246, 3402, 4320, 4320]"
935,"[2051, 4245, 4274, 4245, 951, 951, 4274, 3049, 4245, 4245, 4274, 4274, 3049, 4245, 4274, 4245, 4245, 2051, 3018, 4274, 4245, 4245, 4274, 4274, 4245, 4245, 4274, 4274, 755, 4443, 4274, 4245, 1545, 179, 4274, 4245, 179, 4245, 2317, 4274, 4245, 4274, 4245, 4245, 179, 4274, 4245, 4245, 3119, 755, 4274, 4245, 4274, 4274, 4245, 4245, 4274, 1027, 4274, 4274, 4245, 20, 4274, 4274, 3842, 3119, 4167, 4245, 4274]"
936,"[4239, 4239, 3648, 4239, 12, 4239, 4485, 4239, 4485, 4239, 4550, 4239, 4485, 4239, 4239, 4485, 4239, 4239, 3219, 4485, 4239, 3648, 4239, 4239]"
937,"[4241, 4244, 4244, 4079, 4468, 4470, 4244, 4244, 4241, 4244, 4244, 4470, 4470, 4468, 4244, 4470, 4244, 4244, 4470, 4470, 4468, 4470, 4244, 3445, 4244, 4468, 4244, 4244, 4468, 4468, 4244, 4468, 4244, 4470, 4079, 4468, 3690, 4244, 4470, 4244, 4470, 4244, 3690, 4244, 4468, 4337, 4468, 4244, 4470, 3690, 4207, 4968, 3690, 4207, 4968, 4244, 4468, 4244, 3690, 4468, 4244, 3690, 4207, 4244, 3690, 4968, 3690, 4207, 4968, 4468, 4468, 3445, 3690, 4207, 4244, 4244, 4468, 4893, 4244, 3690, 4968, 4244, 4244, 3690, 4207, 4968, 3445, 4244, 4968, 4241, 4968, 4207, 3690, 4244, 4468, 4244, 2325, 4244, 4244, 4207, 4244, 4244, 3690, 4207, 4968, 4468, 3445, 4968, 3690, 4207, 4244, 4244, 5079, 4244]"
938,"[61, 3717, 3653, 1636, 1252, 61, 61, 1252, 1775, 2451, 3977, 2347, 2047, 2347, 2959, 515, 515, 1959, 1252, 1730, 1636, 1704, 249, 170, 4306, 4306, 4403, 1959, 4450, 1959, 188, 1959, 4450, 1959, 1959, 1039, 4306, 1959, 1959, 1775, 1959, 1716, 515, 1959, 2894, 2894, 1734, 2894, 2442, 2442, 656, 406, 2260, 489, 3717, 2823, 656, 406, 406, 489, 3999, 129]"
939,"[4110, 2437, 4411, 2909, 4411, 4434, 1947, 2990, 1947, 4411, 3116, 4411, 2241, 1950, 1680, 1488, 2249, 4434, 4411, 4411, 4434, 4411, 197, 4085, 4034, 4434, 1947, 4110, 1947, 1947, 1202, 1987, 1987, 4411, 4411, 1987, 1947, 2437, 917, 474, 1987, 4434, 4085, 4110, 4110, 1947, 3147, 1987, 1947, 1987, 3223, 1928, 4034, 4434, 474, 1947]"
940,"[4298, 4324, 4324, 4298, 4324, 4298, 4324, 4324, 2205, 557, 4298, 3963, 4298, 4298, 4436, 4324, 1042, 4324, 4298, 4324, 3963, 2423, 4298, 4324, 4324, 4298, 4324, 4298, 4324, 4298, 4324, 1475, 3113, 1042, 4324, 2205, 4324, 4298, 4324, 4324, 2205, 4324, 4324, 4685, 4298, 2991, 557, 4298, 4324, 4298, 4324, 2205, 4298, 4324, 4324, 3963, 4324, 4298, 4324, 4324, 4298, 4324, 4298, 1042, 4298, 4324, 4298, 4324, 2205, 4298, 1042, 4324, 822, 3063, 4324, 1042, 4324, 827, 1042, 4324, 4324, 4298, 3486, 4324, 4324, 4299, 4298, 4324, 4298, 4298, 4324, 4298, 4298, 4071, 4298, 1042, 4324, 4103, 4298, 2205, 1042, 4324, 4298, 1042, 4324]"
941,"[598, 4345, 1398, 4345, 4345, 1804, 4466, 4345, 1398, 4345, 4345, 4466, 4345, 4466, 4466, 2944, 84, 4466, 2361, 4466, 4345, 4345, 3863, 3863, 4345, 2227, 4345, 4466, 4345, 1724, 3863, 4466, 1, 598, 4466, 4466, 4047, 4345, 4345, 4466, 4345, 4345, 1398, 4305, 1, 1, 4305, 4345, 4345, 1398, 4345, 4345, 2716, 4466, 257, 2876, 2944, 3179, 3179, 4341, 4345, 4345, 3863]"
942,"[1696, 1945, 1090, 102, 3981, 2195, 363, 151, 3981, 3233, 4535, 3329, 4535, 3981, 3981, 4267, 4535, 4267, 4535, 4267, 4535, 4589, 4535, 4267, 1596, 2117, 2010, 4267, 4535, 4267, 4535, 4535, 4267, 4267, 4535, 4267, 4535, 3981, 4267, 2195, 4535, 4267, 3981, 3981, 4267, 4535, 4267, 4267, 4535, 4267, 3981, 4267, 4267, 4535, 1823, 1075, 4535, 4535, 4267, 4267, 4535, 102, 4267, 4535, 1104, 4267, 4535, 4267, 4535, 4267, 4535, 3300, 4267, 4535, 4267, 4267, 4535, 4267, 4535, 102, 4267, 4936, 4535, 4267, 4936, 4950, 1701, 226, 4267, 1322, 285, 4894, 285, 2858]"
943,"[4316, 4332, 4332, 4316, 4332, 4316, 4316, 4332, 4332, 4316, 4332, 4332, 4316, 4332, 4332, 4316, 4316, 102, 82, 61, 4316, 4316, 82, 82, 4316, 4332, 4316, 4332, 4316, 4316, 324, 4316, 61, 4316, 61, 4316, 4332, 4042, 4316, 4332, 4316, 2038, 4316, 1202, 4316, 3369, 3451, 151, 4316, 4332, 4316, 1755, 169, 4332, 4332, 129, 1755, 4332, 4316, 82, 61, 4332, 4332, 4316, 845, 4316, 2644, 1423, 4316, 4316, 102, 82, 129, 4332, 4316, 4332, 333, 4316, 335, 4316, 4332, 4316, 4332, 102, 82, 4316, 4332, 4316, 4332, 4332, 4316, 324, 82]"
944,"[4284, 2082, 24, 3825, 3758, 4366, 4285, 2082, 24, 155, 4285, 4366, 2082, 24, 4285, 4366, 2082, 24, 3316, 4366, 4285, 2082, 3826, 3316, 4366, 3826, 3316, 4285, 24, 3826, 3316, 4285, 4366, 24, 3826, 3316, 4285, 4366, 24, 3826, 3316, 3758, 4366, 4285, 24, 3316, 4366, 4285, 24, 2082, 3826, 4366, 3826, 3826, 4366, 4285, 4285, 4366, 4285, 2082, 2994, 3316, 3219, 4285, 4366, 2082, 3826, 4366, 4285, 3316, 4366, 4285, 2994, 3825, 4366, 4285, 4366, 3316, 4285, 3826, 3219, 3826, 2082, 4285, 4285, 2082, 4285, 4285, 4366, 3758, 4285, 4366, 3826, 485, 3439, 485, 4285, 2082, 3826, 3316, 3758, 4285, 4366]"
945,"[406, 3199, 3199, 1904, 102, 337, 3350, 1385, 378, 1313, 2128, 102, 442, 249, 1313, 101, 3331, 4438, 1580, 4194, 3211, 1152, 3211, 3331, 1313, 1475, 4486, 4081, 1475, 4486, 324, 3342, 1578, 194, 102, 170, 249, 442, 102, 394, 993, 457, 541, 76, 3207, 260, 3467, 993, 394, 101, 3331, 3350, 3331, 1313, 2687, 249, 429, 1313, 3879, 210, 3122, 4530, 3456, 429, 406, 2968, 1385, 378, 3879, 2968, 3354, 2931, 3879, 2572, 145, 2931, 363, 3122, 2931, 2931, 3199, 2687, 1313, 1851, 406, 3354, 3879, 3791, 887, 378, 2751, 3879, 1385, 3879, 210, 4530, 1313, 1152, 3994, 148, 129, 3994, 210, 4530, 3879, 378, 2931, 3879, 378, 378, 406, 2968]"
946,"[3268, 2513, 2984, 3057, 3886, 2289, 3057, 3862, 151, 2289, 3057, 3862, 1202, 3862, 2289, 3057, 1742, 3870, 2289, 2289, 1202, 3862, 3057, 1629, 789, 3057, 3862, 3057, 3862, 3372, 1191, 1742, 2072, 3862, 3057, 2816, 789, 3881, 3057, 3862, 1629, 3862, 324, 3057, 3862, 324, 337, 3057, 3057, 4554, 1664, 324, 3862, 3268, 1260, 3057, 3862, 1260, 1533, 1260, 1018]"
947,"[1285, 4342, 4343, 31, 1285, 31, 1173, 1104, 4342, 4343, 4278, 1820, 4343, 4342, 580, 4342, 4343, 31, 1285, 4343, 4342, 4278, 31, 4342, 4343, 4278, 31, 4278, 31, 1576, 4342, 4278, 4343, 4342, 4278, 31, 1104, 1285, 4278, 4342, 4343, 3292, 4342, 4343, 3265, 4342, 4343, 4278, 31, 1285, 4342, 4343, 4278, 31, 4342, 4343, 1285, 4343, 4342, 3183, 4342, 4278, 1285, 4342, 4343, 4278, 31, 31, 1285, 4342, 4343, 3343, 3790, 4342, 4343, 4278, 4342, 4343, 2489, 4343, 4342, 1820, 4342, 4343, 3807, 3843, 4342, 4343, 4278, 31, 1104, 2669, 1285, 4343, 4342, 4278, 31, 1285, 4343, 4278, 31, 4342, 4343, 4342, 4343, 1733, 4342, 4343]"
948,"[3555, 4381, 2465, 4381, 4423, 2649, 4444, 4138, 2465, 2465, 2649, 4423, 4138, 4444, 4444, 1605, 2465, 4423, 4444, 4444, 2649, 3573, 2958, 4444, 2649, 2465, 2649, 4423, 1677, 4444, 2465, 4423, 2649, 4423, 4138, 4138, 2465, 4138, 3009, 4444, 2465, 3573, 4444, 2649, 4138, 3009]"
949,"[4351, 4370, 4370, 4421, 2265, 1709, 4421, 4351, 4421, 4351, 4499, 4370, 4351, 4370, 4421, 4370, 4542, 4370, 2482, 4421, 4370, 1025, 103, 4421, 1774, 598, 598, 4370, 4589, 4421, 617, 4096, 4370, 4703, 4370, 4370, 406, 406, 4370, 4421, 2265, 2720, 2227, 4801, 4370, 4805, 4370, 4351, 1386, 4351, 4421, 2990, 2227, 4370, 4421, 4703, 4370, 61, 4421, 4351, 1565, 151, 4351, 1386, 3456, 534, 4370, 4893, 4314, 4370, 4421, 1386, 5048, 5049, 5049, 4421, 4370, 4370]"
950,"[4367, 2846, 2846, 3641, 4491, 4533, 4491, 4665, 4665, 4367, 4491, 2846, 4533, 514, 4665, 61, 4491, 4367, 4533, 4491, 4533, 4491, 4533, 4491, 4533, 4533, 3641, 4533, 4367, 4367, 4533, 4367, 4665, 4367, 4367, 4491, 4367, 4665, 4533, 2846, 4533, 3641]"
951,"[182, 2832, 485, 3244, 2238, 184, 182, 182, 184, 182, 182, 2238, 2709, 2081, 1630, 2238, 3834, 321, 2374, 2066, 182, 4473, 2081, 184, 182, 182, 3737, 182, 4473, 1992, 4610, 4610, 182, 182, 4610, 4610, 182, 4610, 182, 182, 4610, 4610]"
952,"[4377, 2932, 1959, 4071, 3496, 4452, 3554, 4290, 4452, 4377, 4377, 3554, 4290, 4377, 4071, 4452, 4452, 4377, 4377, 4452, 1886, 4290, 249, 4071, 4071, 829, 4290, 3554, 4290, 4452, 3074, 2488, 1435, 352, 4377, 4377, 4071, 3496, 4377, 4071, 3496, 3206, 562, 4452, 4071, 516, 4071, 1886, 4452, 1220, 4377, 4452, 189, 4452, 1495, 4452, 3496, 442, 442, 4071, 4452, 3496, 4377, 442, 3496, 4071, 4452, 2183, 1659, 1112, 4452, 3496, 4071, 1015, 138, 2493, 4071]"
953,"[3197, 1599, 1030, 4314]"
954,"[4390, 4404, 4404, 4038, 555, 4404, 4404, 1252, 4603, 4450, 4404, 793, 439, 3904, 4404, 2344]"
955,"[406, 1913, 3303, 1765, 2674, 1576, 1520, 3808, 1544, 2918, 31, 3038, 771, 3740, 406, 3800, 674, 1659, 83, 179, 1930, 3451, 1252, 2054, 498, 3331, 410, 406, 1951, 357, 357, 2373, 1951, 1765, 1765, 3346, 357, 1678, 3200, 2195, 2463, 2195, 1592, 1652, 3791, 1988, 1711, 2245, 2187, 3378, 3642, 1791, 1035, 3041, 2964]"
956,"[4412, 4412, 4447, 4412, 4412, 92, 3053, 4412, 92, 4412, 3044, 92, 92, 4655, 4412, 92, 92, 714, 4655, 4412, 714, 92, 92, 4412, 3053, 92, 92, 4655, 92, 4447, 92, 92, 4655, 4746, 4747, 4412, 92, 4412, 92, 92, 4746, 92, 3053, 4746, 92, 4746, 92, 92, 4746, 92, 4746, 92, 4655, 714, 4746, 92, 92, 4746, 4412, 92, 4447, 4746, 92, 4746, 92, 4447, 4447, 4746, 4849, 4655, 4746, 92, 4447, 4860, 714, 4849, 4746, 4864, 92, 714, 714, 92, 92, 714, 4860, 4864, 4447, 2378, 4849, 4747, 92, 4447, 4965, 4746, 4864, 4965, 4746, 92, 92, 4746, 92, 4965, 4309, 3044, 4746, 2378, 4864, 714, 4860, 4965, 4309, 92, 4746, 4965, 4309, 92, 2378, 4747, 92, 4746, 4747, 2378, 4309, 4965, 92, 4747, 2378, 3044, 714, 4309, 4965, 3044, 2378, 4747, 714, 4860, 714, 3053, 92, 4746, 4747, 92, 4965, 92, 4746, 4864, 4309, 4965, 92, 3044, 2378, 4849, 4746, 4747, 92, 4746, 4746, 4412, 714, 4747, 4747, 4412, 4864, 4747, 92, 4412, 4965, 92, 4849, 4309, 4965, 4747, 92, 714, 4860, 4412, 4412]"
957,"[2336, 4428, 4428, 2659, 429, 3395, 1577, 4457, 2700, 4283, 2683, 3395, 2814, 2149, 4428, 2481, 2430, 3190, 897, 897, 2897, 1504, 1670, 3224, 2939, 4137, 2764, 1445, 2617, 1632, 1018, 4428, 429, 1638, 429, 1729, 429, 4676, 3113, 2927, 4428, 2814, 2814, 4428, 3730, 2537, 4676, 2617, 1873, 31, 3970]"
958,"[31, 352, 337, 2828, 1682, 2513, 52, 1041, 777, 23, 3982, 4349, 2818, 1129, 3324, 1015, 3667, 4458, 4458, 4457, 3377, 4253, 80, 1307, 269, 357, 1179, 4457, 1494, 2687, 2513, 1307, 3667, 3257, 1685, 2744, 4458, 2489, 4457, 3745, 2447, 1914, 1075, 4506, 3492, 783, 3800, 1015, 36, 357, 269, 549, 1685, 4457, 2352, 352, 2474, 3491]"
959,"[1636, 1704, 1468, 1468, 4435, 1636, 1704, 1468, 4435, 1636, 1468, 4435, 4435, 1468, 4435, 4435, 1468, 4435, 4435, 3142, 102, 4435, 1636, 4435, 4435, 4799, 4772, 232, 2720, 232, 4435, 3058]"
960,"[4437, 4437, 4453, 4453, 4459, 4461, 4463, 4461, 4437, 4461, 4461, 4487, 4437, 4453, 4437, 4437, 4461, 4463, 4487, 4505, 4437, 4461, 4487, 4461, 4461, 4487, 4570, 4487, 4437, 4570, 4437, 4453, 4589, 4453, 4459, 4461, 3335, 4487, 4437, 4437, 4461, 4487, 4453, 4437, 3784, 4570, 4437, 4459, 4461, 4461, 4487, 4487, 1535, 4505, 4505, 4453, 4437, 4453, 4461, 4437, 4570, 4437, 4459, 4461, 4461, 4487, 4437, 4437, 4857, 4461, 4453, 4487, 4570, 4857, 4857, 2037, 4570, 4437, 1018, 141, 4437, 4459, 4857, 4461, 4505, 4437, 4857, 1972, 4461, 3335, 4487, 4570, 4437, 4437, 4893, 4570, 4453, 3590, 4857, 4461, 4487, 4570, 4453, 1972, 4461, 4487, 4570, 4857, 1535, 4570, 3107, 4461, 3335, 4570, 4461, 4857, 4437, 4461, 3107, 4650, 4437, 4461, 4487, 4461, 4405, 4666, 4459, 4405, 4570, 3107, 4666, 4461, 4857, 1972, 4461, 3354, 4461, 4857, 1972, 4461, 4461, 4437, 4857, 1972, 4461, 4459, 4461, 1652, 4487, 4505, 4461, 4437, 4461, 4437, 4461, 4461, 1652, 4405, 2568, 4461, 1972, 66, 1487, 4570, 3107, 3335, 1652, 4437, 1652, 4505]"
961,"[2504, 226, 1632, 4543, 3466, 2913, 1659, 1632, 4670, 1685, 3016, 4670, 4670, 4341, 333, 382, 1567, 1685, 54, 1254, 4670, 2383, 4670, 4341, 4670, 4670, 2360, 4341, 4670, 4670, 333, 382, 4670, 4670, 176, 1205, 2294, 4670, 1223, 1626, 4300, 1725, 176, 4670]"
962,"[765, 4478, 4478, 765, 4478, 4478, 1386, 765, 4478, 765, 4478, 4478, 765, 4478, 4478, 765, 4478, 2603, 4478, 4478, 765, 4478, 5023, 4478, 4478, 5023, 4478, 765, 5023, 765]"
963,"[3658, 993, 3258, 1901, 3727, 4528, 3675, 416, 3258, 4791, 4791, 2439, 3258, 4791, 4791, 809, 4791, 4791, 809, 4791, 4791, 2439, 4791, 4791, 3675, 2712, 2439, 3258, 4791, 3258, 1981]"
964,"[20, 3007, 4531, 771, 1998, 1998, 3007, 312, 3007, 3733, 1018, 899, 82, 899, 3007, 332, 899, 1750, 3508, 899, 1018, 250, 4365, 250, 3791, 2626, 4950, 1456, 2788, 4052, 3893, 3893, 2788, 4052, 3893, 4375, 1749, 1729, 899, 2386, 4523, 766, 1325, 2788, 4052, 3194, 2788, 4052, 2788, 102]"
965,"[1459, 1001, 3362, 1568, 3516, 1459, 1001, 2198, 3362, 1931, 3990, 1459, 1383, 57, 57, 1317, 57, 57, 1001, 3677, 3820, 245, 57, 1832, 2198, 2488, 1459, 57, 2198, 57, 57, 1459, 3705, 1599, 57, 1001, 1256, 1459, 1459, 1018, 3529, 1459, 1459, 1256, 1576, 1001, 1459, 1459, 3516, 1459, 1459, 1355, 1459]"
966,"[38, 2687, 4555, 2687, 4555, 4130, 1565, 4555, 4555, 3727, 4623, 4555, 4631, 1381, 38, 2687, 4555, 4631, 4555, 4631, 4555, 4631, 4555, 38, 3667, 4555, 4631, 4631, 4555, 4631, 4555, 4631, 2010, 1475, 3692, 617, 3432, 2187, 4555, 4555, 1228, 200, 1381, 3451, 4555, 305, 2923, 1578]"
967,"[4564, 4565, 4566, 2845, 2814, 2764, 4564, 1041, 4575, 4565, 4564, 4578, 2671, 2845, 4591, 1816, 4578, 4564, 4565, 4566, 4575, 1430, 1430, 2252, 1105, 4575, 4591, 3628, 1155, 2679, 1734, 1656, 3104, 950, 4564, 4591, 4565, 4575, 4566, 4578, 3330, 1925, 778, 4566, 4565, 4578, 4591, 4565, 4566, 4575, 3071, 1540, 4251, 2293, 1123, 1429, 4646, 4120, 4591, 1993, 4566, 4575, 4578, 4575, 4661, 1576, 2632, 1576, 4591, 4566, 4565, 4575, 4564, 1936, 4565, 3514, 4591, 2105, 2845, 1076, 1323, 950, 624, 4565, 4566, 4575, 4578, 517, 3104, 1320, 1317, 4578, 4591, 4566, 4565, 3372, 61, 3800, 2614, 1576, 2688, 2632, 2538, 3715, 4565, 4564, 4565, 4566, 2845, 1936, 4591, 1576, 2688, 3058, 4575, 4564, 3699, 4591, 4564, 4578, 4578, 4566, 2876, 4564, 1076, 352, 3363, 3689, 4578, 4372, 4578, 4566, 4565, 4564, 4591, 200, 1950, 1950]"
968,"[4569, 4569, 733, 3500, 4702, 4702, 4569, 4702, 4763, 4778, 4702, 4763, 4778, 4569, 4659, 4778, 4778, 4702, 4763, 357, 324, 4569, 4659, 4702, 4569, 4763, 4778, 4659, 4702, 4763, 4778, 4659, 4763, 4778, 4659, 4778, 4763, 4569, 4659, 4659, 4778, 4702, 4763, 4659, 3500, 1517, 4702, 4659, 4569, 4659, 4659, 4778, 4778, 4659, 4778, 4702, 4763, 4659, 4659, 1203, 6, 4522, 4569, 4778, 4702, 4702, 4778, 4702, 4763, 4659, 4702, 4659, 4778, 4763, 4014, 1758, 4778, 4659, 1636, 4702, 4778, 4763, 4569, 4659, 4778, 4569, 4702, 4659, 4778, 4659, 4569, 4659, 4702, 4659]"
969,"[1753, 1018, 4073, 4073, 860, 4073, 4073, 1632, 2626, 4073, 36, 4073, 4073, 1456, 4073, 4073, 3240, 2688, 4073, 1428, 1823, 249, 2995, 3893, 4010, 249, 1041, 4174, 4073, 2933, 4646, 3118, 4094, 226, 3682, 5019, 1903, 151, 1364, 2626, 4073, 1224]"
970,"[2722, 2932, 4028, 950, 4319, 61, 2234, 4398, 3291, 1664, 3181, 1713, 151, 1614, 2876, 3463, 1724, 91, 3863, 3475, 1068, 614, 2517, 1599, 4398, 2722, 1327, 4398, 4801, 2876, 328, 3598, 2234, 1872, 4398, 950, 3537, 91, 2234, 328, 1383, 91, 2234, 1872, 614, 2234, 950, 1951, 3491, 1327, 2698, 3294, 3475, 2481, 1724, 1713, 3748, 1713, 3322, 2234, 4552, 2023, 4494, 1383, 1664, 4494, 4552, 4494, 2234, 2501, 2932, 4494, 2023, 1713, 614, 1616, 4494, 4494, 4552, 1713, 4494, 3205, 4398, 2234, 4552, 3672, 2234, 4494, 4494, 4552, 1713, 3734, 4494, 3205, 2698, 4494]"
971,"[4573, 3926, 4573, 4573, 4624, 4573, 4624, 159, 4573, 4624, 4573, 4624, 4573, 4573, 4624, 4624, 4573, 4624, 4573, 4573, 4624, 4573, 4624, 4573, 4624, 4573, 4573, 2061, 4573, 3926, 4573, 4573, 1527, 4573, 4573, 3926, 4573, 4573, 3926, 4573, 4573, 115, 4573, 4573]"
972,"[38, 897, 1, 4612, 4612, 2748, 4612, 833, 1543, 833, 1086, 1489, 4612, 4612, 833, 4612, 3963, 4612, 38, 4612, 3785, 4612, 330, 3486, 2748, 833, 4612, 3870, 1489, 833, 4612, 61, 3785, 1543, 833, 833, 1543, 833, 833, 158, 4612, 4893, 61, 833, 1543, 4612]"
973,"[4580, 4147, 3502, 2256, 4580, 439, 4580, 4580, 3021, 2925, 130, 227, 4580, 221, 4580, 4707, 4580, 2782, 4580, 321, 4707, 4147, 1939, 321, 4580, 4580, 321, 3441, 4580, 4580, 2238, 439, 321, 4580, 3441, 4580, 2319, 227, 1415, 4580, 4580, 4707]"
974,"[3074, 2293, 3377, 3973, 3860, 3791, 4589, 1659, 3074, 2037, 3074, 3855, 1627, 1617, 4102, 3074, 1745, 1767, 464, 1653, 257, 1982, 4659, 4023, 3074, 3074, 69, 138, 709, 3029, 3212, 1824, 3864, 1325, 1749, 3297, 3074, 3599, 2816, 1918, 4306, 249, 2764, 2643, 3150, 3074, 3150, 1237, 3644, 310, 3714, 3074, 3074, 2694, 227, 1739, 3295, 3238, 1806, 1551]"
975,"[4602, 4608, 617, 1027, 4608, 1027, 4608, 4608, 3384, 4602, 3727, 4608, 1027, 4608, 3384, 4608, 4608, 3384, 4602, 4608, 3457, 4602, 4608, 3384, 4608, 3384, 4608, 4608, 38, 4608, 3384, 4602, 4608, 416, 844, 3457, 4677, 4602, 4608, 3457, 3384, 4602, 38, 4608, 4608, 3384, 2664, 4608, 1027, 416, 4608, 4608, 4677, 4602, 3384, 4677, 4608, 3457, 3384, 4602, 3384, 4677, 4602, 38, 4608, 4608, 1793, 3062, 4608, 3727, 4608, 3457, 4602, 4602, 363, 357, 1930, 4608, 3384, 3457, 4602, 4602, 38, 4608, 4082, 4608, 4608, 4602, 4608, 4608, 4602, 4608, 4602, 4608, 4602]"
976,"[82, 3105, 3080, 3824, 292, 176, 378, 61, 1018, 2654, 1591, 226, 1389, 324, 2163, 2453, 1018, 1018, 3951, 3951, 176, 1183, 176, 2458, 324, 1507, 176, 5019, 82, 176, 406, 20, 2451]"
977,"[2251, 103, 1072, 2462, 103, 129, 2180, 103, 88, 789, 1605, 378, 103, 103, 129, 4542, 104, 324, 357, 3092, 4067, 3729, 151, 2645, 207, 2778, 103, 1953, 103, 1264, 1381, 2491, 3038, 2234, 2176, 3208, 324, 2083]"
978,"[2851, 1558, 324, 69, 324, 324, 1035, 324, 324, 309, 35, 324, 324, 2537, 4922, 4922, 1696, 324, 4922, 1249, 4922, 324, 324, 1249, 1249, 4922, 1249, 324, 1249, 4922, 2814, 1249, 4922, 324, 324, 1249, 4922, 1249, 4922, 324, 1249, 324, 369, 1765, 1249, 1249, 324]"
979,"[20, 4486, 4486, 324, 324, 4486, 4486, 324, 4486, 324, 226, 324, 226, 394, 4486, 4486, 394, 4486, 4486, 324, 4486, 394, 4148, 324, 897, 394, 324, 897, 394, 4486, 4527, 1823, 1717, 226, 324, 394, 4486, 4486, 394, 897, 4486, 324, 4486, 4486, 4081, 324, 2467, 4486, 324, 4081, 4081, 897, 3732, 897, 4527, 1823, 324, 791, 324, 4081, 1405, 4486, 324, 324, 394, 4486, 324, 4486]"
980,"[1816, 4203, 4409, 1994, 2973, 2237, 4086, 3084, 2702, 1576, 1614, 2973, 2178, 3266, 2701, 1936, 1937, 285, 4513, 4542, 129, 2178, 1320, 2848, 1873, 1320, 4774, 3290, 1320, 1320, 4774]"
981,"[406, 220, 410, 333, 4561, 3794, 3312, 858, 129, 1755, 1638, 4561, 151, 4561, 2293, 4561, 4283, 406, 406, 2583, 715, 226, 226, 4561, 226, 4561, 226, 3322, 226, 4749, 1191, 151, 324, 4749, 4561, 324, 2341, 4749, 2341, 324, 3330, 226, 226, 4561, 1154, 226, 226, 3598, 226, 226, 4561, 226, 226, 3596, 3598, 3330, 3598, 3330, 3330, 3598, 344, 3322, 4561, 3596, 3330, 3596, 3330, 4561, 3330, 3596, 4561, 3330, 4561, 3598, 3330, 3596, 3330, 4561, 4561, 3596]"
982,"[4618, 4618, 1887, 4618, 4618, 4728, 4618, 3752, 4618, 2914, 4618, 4618, 1887, 363, 4618, 4728, 4728, 4618, 4618, 4728, 4618, 4618, 4728, 4728, 1887, 1773, 4618, 4728, 4597, 4618, 4728, 4728, 4618, 2876, 2632, 249, 4728, 4618, 3053, 3240, 4618, 4618, 4728, 4618, 4618, 2242, 4618]"
983,"[4620, 4628, 4630, 4636, 4628, 793, 4620, 3938, 4630, 4620, 3947, 4630, 793, 4620, 793, 4620, 50, 2781, 1420, 4630, 4675, 4675, 793, 4620, 4620, 321, 4628, 4675, 1420, 4011, 4630, 1420, 4011, 4620, 793, 793, 4620, 3947, 4628, 3947, 4630, 4675, 793, 4620, 3947, 1446, 4675, 4630, 793, 4620, 4620, 4011, 793, 4620, 4636, 4628, 4630, 793, 4620, 4628, 793, 4620, 3947, 4636, 4630, 793, 4620, 4636, 2568, 2144, 4675, 4630, 793, 4620, 3947, 4636, 4011, 2704, 4630, 4675, 4675, 4630, 4675, 4630, 4636, 321, 5055, 4620, 4636, 321, 5055, 4620, 4620, 3947, 4490, 321, 4675, 3947, 4636, 5055, 4490, 4620, 3947, 4636, 4630, 321, 4490, 5055, 4620, 3947, 4636]"
984,"[4222, 2440, 2023, 3727, 1925, 1918, 1982, 2749, 3291, 366, 2023, 3745, 4873, 4873, 4814, 4016, 3855, 1819, 4873, 4873, 4189, 4873, 4873, 3797, 494, 4950, 3790, 4873, 4266, 4873, 3906, 1158, 4873, 4873, 1703, 4893, 2304, 3837, 2565, 3790, 4873, 2304, 4873, 4873, 36, 4873, 3139, 3730, 4873]"
985,"[4632, 4400, 4644, 176, 4645, 2534, 3224, 257, 4400, 4000, 4400, 3453, 4644, 4632, 3453, 793, 2820, 61, 1950, 4644, 4723, 4644, 4400, 3453, 4734, 4644, 4736, 4644, 4745, 4598, 1170, 4745, 4644, 4644, 4400, 4734, 4736, 4400, 4736, 4400, 4734, 4644, 4644, 4758, 4644, 4734, 4400, 4734, 4400, 3453, 4736, 4644, 4734, 4644, 176, 3204, 4644, 4644, 4723, 257, 3864, 257, 4745, 4745, 1481, 4723, 4644, 4758, 4644, 4632, 4400, 4000, 4723, 4644, 4758, 4644, 4644, 4723, 257, 3290, 3864, 2298, 257, 4644, 4758, 4644, 4745, 4723, 257, 2733, 3864, 257, 4723, 257, 4736, 4644, 4723, 4758, 793, 151, 793, 4723, 4644, 4736, 4745, 4644, 4758, 4644, 4734, 4400, 4758, 4644, 4644, 4758, 4644, 176, 3204, 1591, 4644, 257, 1075, 1749, 4644, 4644, 4723, 257, 3864, 257, 4723, 4745, 4644, 793, 151, 1659, 793, 4644, 1481, 4644, 4758, 4644, 4734, 4400, 4745, 3453, 257, 257, 4644, 4758, 4758, 4736, 4000, 1513, 4736, 257, 257, 4644, 4745, 4723, 4745, 2364, 4644, 4745, 4736, 4400, 4745, 4905, 4644, 4644, 226, 226, 257, 4632, 4736, 4905, 4644, 4632, 4000, 4745, 4905, 3648, 4745, 4723, 257, 226, 297, 4734, 4400, 297, 89, 3453, 257, 3065, 226, 257, 4736, 4644, 4745, 4905, 4723, 4734, 4400, 1173, 2331, 226, 4644, 4745, 4905, 4723, 257, 20, 4644, 4632, 4723, 4905, 4644, 4400, 4644, 257, 4644, 4745, 4905, 793, 4905, 4644, 1170, 4723, 4644, 297, 4632, 4723, 4644, 4723, 297, 3630, 4723, 4745, 4905, 4644, 4734, 4736, 4745, 4905, 4905, 4644, 4734, 4400, 4644, 4632, 20, 4644, 4745, 4905, 4723, 20, 4745, 4644, 297, 2197, 89, 4745, 4905, 4644, 4723, 4734, 4905, 4745, 3290, 3864, 286]"
986,"[1530, 1726, 2139, 2457, 1022, 669, 1873, 337, 1659, 151, 175, 2457, 1204, 2913, 2139, 3043, 2149, 3248, 669, 4757, 1219, 337, 3340, 2617, 1981, 1928, 1737, 1873, 1812, 1188, 1488, 3284, 344, 1570, 2139, 1075, 175, 2139, 2139, 2939, 2939, 3139, 3954, 2139, 2483, 1614, 1752, 1204, 669, 169, 121, 1450, 142, 1576, 1537, 908, 2457, 889, 23, 3240, 3098, 1784, 3607, 2527, 3672, 2489, 277, 76, 1578]"
987,"[4237, 947, 947, 4331, 352, 3895, 4290, 1638, 947, 4237, 947, 4237, 947, 947, 4237, 353, 4237, 4774, 947, 4774, 4237, 947, 4774, 947, 4774, 947, 1925, 1925, 947, 947, 1925, 947, 4774, 1925, 947, 4774, 947, 947, 4331, 947, 2483, 947, 947, 1094, 947, 947, 3345, 947]"
988,"[4662, 3743, 3743, 4662, 4677, 324, 1576, 4662, 4677, 4662, 2031, 4662, 2909, 4662, 1576, 1576, 1603, 4662, 4662, 38, 4662, 3451, 3412, 1567, 690, 26, 2945, 4662, 3438, 4677, 4180, 38, 4180, 4677, 4180, 4662, 4180, 324, 2341, 2241, 4662, 38, 4660, 1309, 1539, 249, 4677, 4180, 897, 897, 4662, 2804, 2804, 4662, 4180, 4180, 81]"
989,"[297, 4708, 4723, 176, 297, 3290, 2373, 2298, 4723, 4708, 1507, 4723, 4632, 1161, 3140, 3290, 2298, 4632, 3864, 4632, 88, 3204, 1591, 1075, 1749, 2733, 3864, 4723, 4723, 2298, 4723, 4723, 4632, 2364, 4905, 3784, 2373, 2739, 3140, 3290, 88, 2373, 3290, 3864, 2858, 241, 2293, 1670]"
990,"[232, 5005, 2293, 151, 151, 1010]"
991,"[717, 1052, 1052, 1224, 129, 2149, 2500, 1753, 3265, 3341, 3593, 3299, 1678, 1733, 2007, 1052, 2230, 1750, 1052, 1052, 1698, 3593, 1052, 3111, 78, 1758, 2476, 3299, 1224, 4014, 3176, 406, 26, 3066, 3593, 3104, 1325, 1052, 1698]"
992,"[1539, 2973, 899, 2973, 908, 3032, 3060, 3962, 1733, 1959, 1955, 899, 1959, 2687, 4541, 3962, 899, 88, 3736, 3225, 2698, 1678, 2553, 1643, 975, 4192, 2527, 2527, 3962, 76, 3764, 3032, 3962, 249, 2973, 604, 3962, 516, 3206, 5049, 3764, 2114, 2437]"
993,"[4695, 4696, 4694, 4698, 4698, 4694, 4694, 4695, 4695, 4694, 4695, 4695, 4696, 591, 4698, 4696, 4694, 4695, 4694, 4695, 4694, 2423, 3675, 2991, 4607, 4698, 4694, 4695, 4694, 4695, 4696, 4694, 4695, 2423, 2991, 4607, 4698, 4694, 4695, 4694, 4696, 4695, 4695, 4694, 4696, 4695, 4607, 4698, 4694, 4695, 1111, 4695, 4694, 4695, 4694]"
994,"[4705, 1944, 4718, 4705, 4705, 337, 3524, 1713, 614, 4705, 2990, 4705, 1363, 2669, 1944, 1363, 1107, 3409, 4705, 4705, 1944, 1363, 4705, 4705, 1202, 4705, 4705, 1363, 116, 4705, 116, 2834, 5019, 763, 2494, 1075, 4434, 1713, 473, 2839, 4705, 4705, 5078, 5078]"
995,"[4714, 4714, 3320, 1576, 4714, 4714, 3177, 4714, 4714, 1685, 1528, 4714, 4714, 1018, 4950, 4714, 4714, 3401, 4714, 4714, 2980, 4714, 4714]"
996,"[406, 1618, 4729, 3223, 328, 3279, 1975, 36, 4794, 4801, 1638, 2626, 4729, 1392, 1966, 4729, 4729, 2530, 4729, 1392, 4554, 1638, 1540, 4794, 1638, 406, 406, 1618, 4794, 4794, 4971, 3434, 4794, 4794, 4729, 4417, 2901, 2530, 4729, 1435, 1638, 4729, 3242, 4794, 4729, 4794, 5079]"
997,"[4726, 4726, 4767, 4726, 4726, 114, 4726, 4767, 4726, 4767, 4726, 4767, 4726, 4726, 4236, 126, 4726, 4947, 4947, 4726, 4947, 4947]"
998,"[406, 4732, 3329, 4732, 4732, 1761, 4174, 4732, 3968, 4732, 2190, 4732, 4732, 3254, 4732, 4732, 4646, 1213, 4732, 4732, 3968, 3299, 4732, 4732, 2512, 2640, 2640, 4732, 4732, 1761, 2564, 1761, 4883, 3108, 2899, 4883, 443, 1761, 88, 1484, 4883, 4883, 1761, 4955, 4104, 4955, 4955, 2640, 4883, 2876, 1761, 1926, 4955, 4955, 2640, 4955, 4955, 4319, 1389, 4955]"
999,"[4735, 4735, 3196, 4735, 3196, 4735, 3196, 4268, 4268, 3196, 3196, 4735, 3196, 3196, 4735, 4735, 4820, 4735, 3196, 4735, 4820, 4735, 4735, 4268, 3196, 4268, 3811, 4820, 4820, 3196, 4735, 2553, 2553, 4130, 4735, 4268, 3196, 4735, 3486, 4820, 3196, 4735, 3196, 4735, 3196, 3196, 4735, 3196, 3196, 4735, 4735, 3811, 3811, 4735, 3196, 4268, 3196, 3196, 3343, 4735, 3196, 4735, 4268, 3196, 4735, 3196, 2135, 4735, 3196, 4735, 3010, 4735, 3842, 3196, 4735, 3196, 2999, 3690, 4735, 3196, 4268, 2889, 4735, 4268, 330, 3811, 3196, 3196, 4735]"
1000,"[917, 4822, 4733, 917, 4822, 4733, 4822, 917, 2973, 4845, 4733, 4822, 4733, 917, 4822, 4822, 3986, 4733, 4822, 4733, 917, 4822, 4733, 917, 4822, 4733, 4822, 4733, 4733, 4845, 4822, 4733, 4733, 4822, 4845, 4733, 917, 4733, 4822, 4733, 4057, 2973, 917, 4845, 4733, 4822, 4057, 2973, 917, 4822, 4733, 4822, 4733, 4822, 4733, 4822, 4057, 917, 4845, 4733, 4057, 917, 4845, 4733, 4845, 4822, 4733, 4057, 1277, 4845, 4733, 4822, 4845, 4733, 4822, 4733, 4845, 4822, 4822, 4845, 4845, 4822, 4733, 1277, 4057, 4822, 4733, 4845, 917, 4733, 4822, 4845, 1277, 917, 4733, 4845, 4845, 4733, 4845, 4822, 1277, 917, 4057, 4057]"
1001,"[324, 4756, 4756, 897, 4756, 897, 4756, 4756, 897, 3052, 4756, 897, 3052, 897, 4756, 897, 897, 4756, 897, 897, 4756, 897, 4756, 897, 4756, 4756, 2205, 210, 4756, 1030, 324, 5051, 3233, 3925, 5051, 324, 4151, 76, 3052, 324, 324]"
1002,"[4752, 4658, 169, 4658, 2977, 169, 4752, 4658, 2977, 169, 2977, 169, 2647, 4658, 4752, 4396, 2647, 4752, 4851, 2977, 2647, 4658, 4752, 169, 2977, 4851, 2977, 169, 169, 4658, 4752, 4752, 169, 2977, 4658, 4752, 2977, 169, 169, 4752, 169, 3644, 4396, 4851, 169, 169, 4752, 169, 2977, 4851, 2977, 169, 169, 4658, 4658, 4752, 2977, 4851, 2977, 4658, 4396, 4851, 2977, 4892, 169, 4658, 4752, 4851, 4851, 2977, 4892, 169, 4658, 4396, 4851, 2977, 4396, 169, 2977, 2977, 169, 169, 2977, 169, 4658, 2647, 4658, 4752, 169, 4851, 169, 2647, 4658, 4752, 4892, 4658, 4752, 169, 4851, 4658, 169, 4396, 4892, 2977, 4851, 169, 2977, 4851, 4658, 169, 2977, 169, 169, 4396, 2977, 4851, 4892, 2977, 2647, 4752, 4892, 2977, 4851, 169, 2647, 4658, 4851, 169, 4752, 4396, 2977, 4851, 2977, 4892, 169, 2647, 2977, 4396, 2647, 169, 2647, 4658, 3562, 3272, 2977, 169, 2647, 4658, 169, 4658, 4752, 4851, 4752, 169, 4892, 2977, 4851, 2977, 4892, 169, 2647, 4658, 4752, 169, 4658, 2977, 4658, 4752, 169, 2257, 169, 4752, 4851, 169, 4658, 2257, 2977, 169, 4752, 169, 2977, 4851]"
1003,"[2256, 439, 536, 536, 4599, 439, 439, 4798, 4798, 439, 439, 4031, 410, 439, 4031, 410, 2469, 793, 536, 4031, 439, 4031, 410, 4798, 4031, 410, 439, 410, 2469, 439, 2256, 410, 439, 4798, 410, 2469, 2256, 536, 410, 4031, 439, 2469, 2469, 410, 309, 536, 2469, 536, 4798, 536, 410, 439, 793, 2256, 3502, 4798, 4031, 2469, 410, 3502, 1100, 2469, 410, 439, 2469, 4798, 4031, 439, 410, 439, 439, 4798, 2256, 4798, 4798, 439, 4798]"
1004,"[4769, 1029, 175, 4155, 4155, 4859, 826, 4859, 3568, 4859, 826, 4859, 826, 1613, 4859, 469, 4859, 4769, 102, 4859, 826, 1818, 102, 4859, 4859, 1818, 102, 1818, 2882, 826, 4769, 4059, 3527, 4956, 899, 516, 4769, 1818, 101, 61, 61, 4859, 4859, 1818, 102, 826, 102, 4956, 102, 3527, 102, 1818, 4956, 826, 4859, 1051, 4155, 4859, 102, 826, 1652, 4956, 1818, 102, 826, 1818, 3770, 4859, 962, 4769, 826, 102, 4956, 1818, 4859, 4956, 4859, 3053, 826, 102, 4956, 2470, 3605, 4769, 826, 3027, 102, 4859, 2612]"
1005,"[4776, 4776, 1346, 4776, 4776, 364, 3289, 4776, 4776, 1346, 335, 4776, 4846, 4776, 2521, 4776, 4776, 1346, 4846, 4776, 3289, 4776, 4776, 1346, 4776, 4028, 4776, 4776, 2869, 4776, 4776, 2292, 1346, 4776, 4846, 4776, 2539, 4846, 4776, 3348, 4846, 5048]"
1006,"[1961, 84, 1077, 4782, 1961, 1561, 151, 3330, 4782, 1961, 151, 1659, 416, 1961, 612, 416, 4782, 416, 1961, 1561, 151, 1112, 3330, 416, 1961, 4782, 1961, 1966, 4782, 416, 1961, 1123, 4527, 416, 1961, 612, 1791, 4782, 4782, 1961, 4527, 416, 416, 1961, 1561, 1077, 4782, 416, 151, 1520, 4527, 416, 1945, 416, 4782, 1371, 1961, 1561, 612, 3013, 416, 1961, 1561, 416, 1961, 200, 337, 4950, 1222, 4782, 416, 1961, 378, 4782, 1961, 4782]"
1007,"[1531, 1531, 254, 1531, 4162, 1707, 1531, 4162, 3681, 1659, 1484, 1966, 4522, 4162, 354, 354, 78, 3489, 3290, 254, 354, 354, 254, 354, 474, 1966, 354, 2065, 254, 354, 254, 354, 1966]"
1008,"[318, 2613, 2726, 318, 2726, 2613, 4134, 2613, 318, 2726, 318, 318, 1807, 318, 763, 2726, 318, 2613, 318, 2613, 4134, 318, 763, 318, 318, 763, 318, 2726, 2613, 2613, 318, 2613, 318, 318, 763, 318, 2613, 4134, 318, 763, 318, 318, 2613, 2726, 318, 4134, 2726, 1450, 2726, 318, 2613, 318, 3832, 318, 4134, 318, 2613, 2726, 318, 318, 2613, 318, 318]"
1009,"[3354, 4786, 3354, 3927, 4801, 3927, 249, 1213, 3326, 4527, 617, 1622, 3927, 4786, 3326, 3927, 3354, 4786, 4225, 2657, 1269, 249, 151, 1528, 66, 1614, 1904, 4090, 2913, 1202, 3927, 3354, 4786, 3927, 3927, 3354, 4786, 3927, 3927, 3354, 4786, 3354, 4786, 1252, 1325, 4527, 3850, 3927, 1707, 3927, 4786, 4786, 1578, 3927, 151, 1528, 3927, 3354, 4786, 1671, 2493, 2489, 3927, 1030, 4971, 4971, 3056, 4557, 4893, 4893, 4314, 4527, 3016, 1685, 4527, 151]"
1010,"[443, 1293, 3519, 3139, 442, 3628, 707, 1700, 1015, 2149, 1567, 4848, 3534, 3763, 1030, 1018, 3363, 1030, 2012, 4075, 1018, 3763, 1444, 1935, 4795, 4795, 1170, 1170, 2626, 2769, 4795, 1170]"
1011,"[4787, 4810, 4871, 4810, 4787, 4928, 4787, 4810, 4810, 1777, 4928, 4928, 955, 4871, 4871, 4787, 4810, 4787, 4871]"
1012,"[3531, 324, 2527, 4853, 1598, 1655, 324, 4251, 4853, 1389, 3345, 175, 324, 3531, 226, 1389, 1389, 4853, 1389, 4853, 3531, 324, 1183, 4999, 4853, 4999, 4853, 3105, 4853, 4999, 4853, 4999, 4853, 4999, 4999, 4853, 2293, 4853, 4853, 4893, 176, 4645, 4853, 4999, 5060, 5060, 4861, 5060, 4999, 4999, 5060, 4999]"
1013,"[4790, 4790, 2472, 4790, 4790, 4829, 4790, 4790, 78, 4790, 4790, 4893, 4790, 4790]"
1014,"[897, 897, 324, 324, 690, 897, 4796, 394, 690, 1676, 897, 324, 676, 679, 4841, 324, 897, 324, 690, 324, 3354, 897, 690, 4841, 3004, 897, 4541, 897, 2501, 4841, 690, 324, 324, 2748, 2750, 324, 897, 324, 2000, 4841, 690, 4841, 690, 3451, 324, 2825, 897, 897, 324, 138, 69, 4841, 897, 3354, 324, 4841, 2132, 897, 4796, 324, 1015, 4841, 2000, 69, 897, 897, 324, 324, 2132, 4841, 138, 4841, 177, 4668, 2501, 324, 897, 4796, 913, 324, 2748, 897, 897, 324, 897, 324, 1015, 69, 679, 324]"
1015,"[151, 151, 1416, 4821, 4821, 1558, 4821, 1773, 1773, 4821, 4821, 3775, 4821, 1566, 4821, 1773, 1773, 607, 4821, 3729, 4821, 607, 1344, 31, 5005, 4821, 607, 2293, 2293, 607, 4821, 2293, 2293, 4821, 5005, 1325, 4821, 1636, 4821, 4821, 406, 607, 1636, 2723]"
1016,"[4801, 2659, 3507, 2299, 4827, 1380, 3507, 3224, 4827, 1925, 4827, 1380, 4827, 4827, 2299, 4827, 1380, 4827, 4827, 2618, 4827, 4462, 1380, 773, 2628, 4827, 4827, 1561, 4827, 3282, 1561, 1380, 1561, 4827, 1561, 4827, 1561, 999, 4827, 1380, 1561, 4827, 1561, 4827, 1561, 4827, 1380, 1380, 84, 1601, 4893, 4579, 1362, 4579, 4893, 1700, 4314, 4595, 1561, 4827, 1381, 1561, 4827, 5053, 1561, 4595, 3282, 1561, 1561, 4827, 1561, 3507, 4827, 4827]"
1017,"[4816, 4816, 2543, 2543, 4816, 2543, 2543, 4964, 2543, 4982, 4983, 4984, 4964, 4964, 4984, 4964, 4964, 4984, 4982, 4983, 4984, 4964, 4964, 2543, 4982, 4983, 4984, 4964, 2543, 4982, 4983, 2543, 4983, 4964, 4982, 2543, 4984, 4982, 4983, 4984, 4964, 4982, 4984, 4982, 4983, 4982, 4983, 4984, 2543, 4964, 4982, 4983, 4984, 4964, 4984, 4964, 4964, 4982, 4983, 4984, 2543, 4982, 4983, 4984, 4964, 2543, 4984, 4982, 4983, 4984]"
1018,"[1431, 1248, 4406, 325, 4824, 50, 61, 50, 1431, 4406, 4147, 50, 1431, 1431, 50, 4406, 4147, 4406, 4147, 439, 4406, 4406, 1431, 4406, 4147, 50, 1431, 4824, 1431, 4406, 4147, 50, 1431, 1431, 4824, 1431, 50, 4406, 4147, 4147, 4406, 4147, 4824, 4406, 4147, 4824, 1431, 4147, 4147, 4082, 4147, 4147, 4406, 4147, 4824, 1431, 4147, 4824]"
1019,"[406, 3215, 104, 4831, 4384, 104, 4421, 4838, 1634, 4421, 4421, 4384, 4421, 4421, 2265, 4421, 4703, 4421, 4838, 2265, 4838, 4421, 406, 4421, 4831, 4421, 4421, 4703, 4421, 4384, 4421, 4838, 4831, 4384, 104, 3215, 258, 2114, 3267, 249, 1997, 4421, 4838, 4421, 4421, 3985, 4703, 4421, 3215, 4421, 3215, 4831, 104, 4838, 4421, 3215, 104, 4838, 4421, 4838, 4421, 4421, 4893, 4421, 4838, 3215, 4384, 104, 2265, 4838, 3215, 4384, 104, 4421, 2559, 4421, 104, 4421, 4831, 4279]"
1020,"[4828, 4834, 4834, 4828, 4834, 4834, 4828, 4834, 4828, 4834, 4834, 4828, 4834, 4828, 4834, 4828, 4828, 4834, 3285, 2004, 4834, 4834, 2004, 4834, 4834, 4828, 4834, 4828, 4828, 4834, 4828, 4834, 4828, 4828, 4834, 4925, 4828, 4828, 4834, 4834, 4828, 4828, 5012, 4834, 5012, 4834, 5012, 4828, 1878, 4834, 4828, 4834, 4828, 4834, 4834, 4828, 4828, 4834, 4828, 4828, 5012, 5012, 4828, 4828, 4834, 1023]"
1021,"[3536, 4844, 2932, 4844, 2559, 4844, 3145, 1974, 3860, 4844, 499, 324, 2370, 2749, 2541, 102, 4931, 499, 4931, 2410, 1761, 2968, 3080, 4844, 4844, 4893, 3145, 4844, 4844, 499, 4931, 2750]"
1022,"[357, 406, 1614, 2804, 3104, 1592, 3855, 3297, 1765, 3377, 3308, 249, 269, 3035, 1951, 2210, 1757, 3621, 3628, 1232, 1018]"
1023,"[4836, 4836, 4842, 4836, 4842, 4836, 172, 4836, 4842, 4836, 172, 4836, 172, 4836, 4836, 172, 4842, 2921, 1659, 4836, 4842, 2566, 172, 4836, 1015, 172, 4836, 172, 4836, 4836, 1112, 4836, 172, 1015, 4836, 2921, 4836, 4842, 4836, 4836, 4842, 4836, 172, 4842, 4836, 260, 4836, 260, 4842, 4836, 4836, 260, 172, 4836, 4836, 172, 4842, 4842, 2331]"
1024,"[2282, 4522, 2282, 4429, 2282, 4308, 3968, 102, 3675, 179, 1475, 2209, 4308, 3675, 4210, 4429, 2282, 4522, 4308, 4429, 2010, 4429, 3733, 4006, 2282, 4429, 2282, 4308, 2282]"
1025,"[61, 3359, 3965, 4875, 27, 1463, 1131, 4930, 4875, 4710, 1131, 4179, 4875, 4875, 1131, 3949, 4930, 1131, 4875, 4875, 245, 1131, 3949, 1131, 3949, 1131, 1463, 1131, 3949]"
1026,"[2364, 2106, 257, 422, 4494, 3545, 2364, 2106, 12, 3648, 1526, 1600, 2996, 1992, 176, 1159, 61]"
1027,"[498, 498, 102, 1391, 4912, 2293, 5043, 498, 5067, 5067, 498, 5043, 5067, 498]"
1028,"[249, 861, 1576, 503, 4850, 439, 3100, 1551, 555, 4288, 285, 2866, 322, 406, 4850, 4850, 1659, 4425, 2899, 499, 4850]"
1029,"[4862, 4862, 4866, 4862, 1322, 4862, 1445, 1018, 1018, 4862, 1807, 4866, 4862, 4866, 4866, 4862, 4866, 4862, 2795, 1807, 4862, 4866, 4862, 1807, 4862, 1018, 4862, 4052, 4052, 1807, 4862, 4893, 4893, 4098, 138, 4557, 4862, 4557, 4557, 4862, 4862, 82]"
1030,"[4863, 2269, 739, 324, 2401, 1444, 2083, 2778, 2862, 1607, 1737, 4211, 2293, 4863, 4049, 2800, 3331, 498, 4863, 2887, 4895, 3752, 324, 2018, 3104, 2023, 4043, 1444, 2241, 4708, 324, 2244, 739, 4863, 504, 4863, 193, 324, 4863, 4863, 3299, 2640, 4863, 3431, 4863, 5011, 4895, 5011, 5011, 193, 193, 4863, 5044, 5011, 4895, 4863, 5011, 4895, 4895, 4863, 4863, 1496, 4895, 526, 4863, 5044, 4895, 4863, 4895, 4863, 4895, 5011, 5011, 1655, 2194]"
1031,"[406, 3611, 1733, 3455, 2972, 2639, 4920, 4920, 3241, 4920, 4949, 4949, 2639, 4920, 4949, 2639, 4949, 1643, 4920, 4949, 2639, 4920, 4949, 4949, 2437, 4920, 4949, 4949, 4920]"
1032,"[2061, 2061, 24, 2061, 4867, 4877, 2061, 2004, 4867, 4550, 2061, 4550, 2061, 4867, 3926, 2411, 2061, 4898, 4877, 4550, 4898, 4867, 2061, 4550, 4898, 4550, 2061, 2061, 4550, 4867, 2061, 4898, 4550, 2061, 4877, 2061, 2061, 4867, 2061, 3920, 4867, 3920, 3920, 4550, 4867, 2061, 4550, 2004, 4877, 4877, 4898, 2061, 4550, 4974, 4867, 4898, 4550, 4974, 2061, 4974, 4898, 2061, 4877, 4550, 2061, 4867, 2061, 1056, 4867, 3920, 4898, 2061, 2915, 2061, 4893, 4898, 4867, 4898, 4867, 2061, 4867, 4898, 4867, 2061, 2061, 4550, 2061, 4867, 4550, 4550, 2061, 4867, 2061, 4898]"
1033,"[1870, 3303, 3303, 3759, 3303, 3303, 4503, 4503, 4991, 4503, 4461, 3759, 4503, 3759, 3303, 3759, 4991, 3303, 3012, 3759, 3303, 3303, 4503, 3303, 4991, 3759, 3303, 3759, 4870, 3303, 4461, 4991, 4870, 3303, 4991, 4991, 3303, 4870, 3303, 3759, 4503]"
1034,"[3892, 1555, 4874, 4894, 4874, 3973, 3973, 2306, 1555, 4874, 4135, 1560, 4874, 1596, 1880, 2003, 2209, 3658, 61, 3820, 4874]"
1035,"[4876, 4438, 1576, 4438, 4438, 4876, 4438, 1042, 3994, 4876, 4876, 4438, 4885, 4438, 3465, 3609, 3465, 4438, 4885, 3153, 4438, 1042, 4876, 3728, 4438, 4876, 121, 4885, 4885, 3546, 3546, 3465, 4438, 4885, 4924, 3153, 1580, 4924, 3153, 4919, 1580, 1580, 4921, 3153, 4885, 4438, 1042, 4876, 1580, 4919, 4438, 1042, 170, 35, 3994, 4876, 4876, 3728, 121, 4438, 4924, 4919, 4921, 4885, 1580, 4885, 4921, 1580, 1580, 4921, 1580, 4921, 4924, 3153, 1580, 4924, 4921, 3728, 365, 121, 4438, 4975, 4885, 4924, 4975, 4921, 4885, 4975, 4921, 4919, 4998, 4438, 1042, 3994, 4876, 3728, 121, 3465, 4255, 4438, 4998, 1580, 4975, 4921, 4919, 4998, 1042, 170, 3994, 4876, 3728, 121, 4975, 4885, 4975, 1580, 4998, 4438, 3465, 3546, 3609, 3609, 3465, 4998, 4924, 4885, 4975, 4921, 4919, 4438, 1042, 2273, 170, 3994, 4876, 4876, 3728, 365, 4438, 4998, 1580, 4921, 4919, 4998, 4438, 4438, 1042, 3994, 4876, 4876, 3728, 365, 3465, 3546, 3609, 4998, 4998, 1580, 4975, 4921, 4919, 4998, 4438, 170, 35, 4876, 3728, 365, 4975, 1580, 4921, 4975, 4919, 4998, 4438, 1042, 2273, 170, 35, 4876, 121, 4438, 4998, 4924, 4975, 4885, 4924, 4998, 4921, 3153, 4975, 4921, 4998, 4975, 4998, 4885, 4921, 4975, 4998, 3153, 4893, 4975, 4885, 4885, 1580, 4998, 4921, 1580, 4885, 1580, 4921, 4998, 4924, 3465, 4255, 4998, 35, 170, 2083, 170, 4438, 4998, 4921, 4998, 4998, 4885, 1580, 4998, 4975, 1580, 4975, 4924, 4919, 4438, 4255, 3734, 4438, 4998, 4975, 4924, 4919, 4921, 1580, 4975, 4998, 4975, 4885, 1580, 4885, 1580, 4975, 4921, 4919, 4998, 4255, 3734, 3465, 4255, 4998, 4438, 4975, 4975, 1580, 4975, 3153, 1580]"
1036,"[1847, 1566, 1, 4907, 1, 3018, 207, 1773, 363, 833, 4907, 1622, 4907, 262, 1371, 1847, 2529, 2623]"
1037,"[4878, 474, 4878, 4889, 2730, 1313, 4413, 4878, 4878, 3593, 3593, 4878, 4889, 4413, 4889, 1985, 4878, 2730, 3870, 4878, 4878, 4889, 2730, 3180, 4889, 3590, 3842, 3180, 4878, 1985, 4878, 3842, 4878, 2730, 2730, 1985, 3842]"
1038,"[1874, 3314, 1863, 1874, 1863, 1863, 1874, 1874, 1863, 1863, 4802, 1863, 1874, 1863, 1874, 1874, 1863, 1863, 5003, 5003, 1863, 1874, 5003, 1863, 1863, 5003, 1874, 2991, 1863, 1874, 5003, 1874, 1863, 4802, 1863, 1874, 1863, 1874, 5003, 5003, 4802, 1863, 1874, 1874, 5003, 1874, 1863, 5003, 5003, 4802, 1863, 1874, 5003, 1863, 1874]"
1039,"[4376, 4376, 4906, 4376, 4376, 1598, 4376, 4906, 4376, 4376, 4906, 4906, 4376, 4376, 4906, 4906, 4376, 1598, 4312, 4376, 4312, 4376, 1598, 4376, 4312, 4906, 4376, 4906, 4376, 4376, 4906]"
1040,"[2885, 2722, 2023, 4903, 2964, 4904, 3567, 4904, 1222, 4303, 4904, 2964, 1161, 4904, 4904, 3601, 1161, 4904, 2851, 1161, 2876, 4903, 423, 4903, 1713, 4903, 4903, 210, 4903, 4904, 3601, 2964, 3601, 1161, 4903, 4904, 614, 4903]"
1041,"[4191, 1967, 93, 4929, 93, 4929, 4929, 1329, 2023, 1659, 344, 1178, 1572, 3537, 93, 4929, 93, 4929, 4929, 3144, 102, 93, 4893, 93, 1749, 4149, 93, 3144, 4929, 93]"
1042,"[4913, 1729, 559, 324, 3788, 2686, 4994, 3222, 4994, 2964, 4994, 4994, 4507, 1521, 4013, 1589, 3143, 4357, 1601, 3693, 337, 4775, 1001, 406, 406, 4913, 1381, 4488, 3141, 3151, 690, 1129, 4114, 4994, 1247, 1238, 82]"
1043,"[249, 4688, 4910, 4910, 502, 1974, 4676, 1558, 381, 4910, 4910, 1968, 4034, 381, 4910, 3066, 215, 4910, 3395, 4910, 381, 2848, 3363, 3682, 381, 4910, 4910, 349, 2862, 2646, 1548, 381, 1638, 2913, 1978, 1349]"
1044,"[3775, 1403, 4571, 31]"
1045,"[4767, 4916, 4916, 4917, 4916, 4423, 4916, 4917, 1677, 4917, 4935, 4917, 4935, 4916, 4917, 4935, 4917, 4917, 4935, 4917, 4935, 4916, 4917, 4935, 4767, 4916, 4917, 124, 4935, 4917, 4917, 4935, 4767, 4916, 4935, 4935, 4916, 4917, 4917, 4767, 4935, 4916, 4917, 4917, 124, 4935, 4917, 4767, 4916, 4917, 4935, 4917, 4935, 4767, 4767, 4916, 4917, 4917, 4916, 4935, 4767, 4917, 4133, 1677, 4935, 4935, 4917, 4893, 4935, 4917, 4935, 4917, 4916, 4917, 4916, 4917, 4935, 4917, 4935, 4935, 4917, 4917, 4916, 4935, 4935, 4917, 4916, 4917, 4423, 4935]"
1046,"[4797, 4918, 102, 1918, 3537, 4918, 4797, 4918, 545, 134, 4757, 4918, 4918, 134, 1085, 4918, 674, 3148, 1085, 1085, 3148, 151, 3148, 3148, 4797, 3144, 674, 3148, 1209, 3148, 2836, 3148, 674, 3537]"
1047,"[61, 2114, 1485, 4661, 357, 1904, 357, 4557, 2381, 357, 3233]"
1048,"[4933, 4934, 1580, 4934, 4934, 504, 4938]"
1049,"[2463, 1030, 4634, 4634, 3020, 3491, 1602, 1602, 363, 3346, 4513, 1602, 4513, 363, 2135, 2525, 474, 4090, 4090, 1075, 1075, 199, 441, 199, 199, 1678, 357, 1678, 1614, 1757, 2998, 516, 1755]"
1050,"[226, 337, 1485, 31, 3174, 3303, 2907, 1713, 442, 337, 2876, 2023, 337, 337, 324, 337, 337, 3605, 3527, 337, 1638, 3303, 1809, 3759, 2907, 3303, 1485, 3174, 2814, 1485, 337, 2293, 337, 337, 3893, 102, 1485, 3303, 3303, 1809, 3303, 422, 226, 1485, 1998, 337, 3303, 337, 3968, 3303, 2907, 1096, 1485, 2907, 3303, 3463, 226]"
1051,"[2149, 3534, 3829, 226, 170, 3466, 2668, 151, 2690, 2494, 1578, 2469, 439, 4425, 3829, 4208, 3829, 4208, 3829, 249, 170, 226, 329, 50, 2850, 943, 170, 226, 2850, 329, 4425, 2256, 3502, 439, 3793, 3540]"
1052,"[1904, 3094, 1765, 2488, 102, 375, 4314, 2657, 4452, 1614, 23, 1170, 2816, 4356]"
1053,"[2001, 2657, 791, 3694, 3621, 4152, 1075, 3791, 1725, 3104, 3887, 1614, 2925, 363, 1678, 269, 1614, 1951, 1466, 1711, 2373]"
1054,"[635, 3359, 3099, 2899, 1593, 3234, 4989, 4990, 1865, 3234, 4989, 2981, 3234, 4990, 4989, 4990, 3234, 4990, 4989, 2981, 3234, 4989, 2610, 3234, 4989, 4990, 435, 116, 2083, 69, 4070, 1751, 4989, 4990, 532, 3369, 3359, 3234, 4990, 4426, 4990, 4989, 4989, 3234, 4989, 4990, 2981, 4990, 3234, 4990, 3234]"
1055,"[337, 249, 337, 47, 4200, 1325, 3528, 83, 83, 102, 337, 4514, 684, 3676, 406, 2067, 1042, 3044, 715]"
1056,"[4166, 254, 400, 400, 3305, 4166, 254, 400, 1212, 516, 400, 465, 465, 400, 516, 746, 254, 400, 465, 3305, 3305, 516, 400, 400, 4166, 465, 254, 3305, 400, 254, 400, 465, 465, 1212, 400, 465, 516, 465, 3305]"
1057,"[4969, 3787, 2483, 4969, 4969, 1021, 200, 2549, 1712, 1021, 441]"
1058,"[1030, 2674, 4634, 2674, 3079, 1213, 76, 1918, 1614, 1904, 2074, 2170, 78, 1638]"
1059,"[1874, 1874, 1863, 1874, 1874, 1863, 1874, 1863, 1874, 1863, 1863, 1874, 1863, 1874, 1874, 1863, 1863, 1874, 1874, 3963, 1863, 4802, 4802, 1863, 1874, 1863, 1874, 1863, 1863, 1874, 1874, 1863, 1874, 1863, 1874, 1874, 1863, 1874, 1863, 1874]"
1060,"[4690, 4976, 4986, 4976, 4690, 4976, 4440, 4976, 4690, 4976, 4690, 4976, 418, 5037, 4976, 4690, 4976, 4986, 4690, 4976, 4986, 4986, 4690, 4976, 4986, 4986, 4690, 4976, 4976, 4690, 4976, 4690, 4976, 4976, 4986, 3158, 4976, 4986, 4976]"
1061,"[3652, 4993, 4993, 38, 31, 1707, 4993, 4993, 38, 38, 4993, 1576, 3574, 249, 4993, 4993]"
1062,"[61, 3658, 5008, 429, 3524, 4646, 5008, 4120, 5008, 2855, 3524, 5008, 2855, 1195, 1255, 564, 2432, 4427, 5008, 2855, 711, 3804, 4120, 4403, 1829, 3970, 2839, 31, 4427, 2788, 2855, 5008, 4427, 5008, 4458, 2855, 5008, 5008, 4427, 69, 249, 1685, 5008, 5008, 3970, 4427, 5008, 2855, 4458, 3897, 2488, 4121, 2855, 3970, 4458, 5008, 3412, 1015, 2149, 36, 2855, 2788, 5008, 4427, 61]"
1063,"[3809, 4961, 1950, 82, 4961, 4961, 1205, 4961]"
1064,"[1721, 2299, 1521, 3293, 3729, 5038, 1721, 2907, 2299]"
1065,"[1278, 1278, 1861, 2659, 3487, 5020, 1278, 3487, 1278, 3487, 5020, 3487, 3487, 5020, 3487, 3605, 3487, 5020, 3487, 5020, 1460, 3487, 5020, 5020, 3487, 3487, 5020, 3487, 1278, 3487, 5020, 257]"
1066,"[711, 1170, 3495, 4893, 3066, 4893, 4893, 1183, 4279, 257, 257, 3069, 2594, 257, 226, 257, 2594]"
1067,"[4519, 2430, 1809, 2044, 4519, 2430, 1918, 5041, 3773, 4432, 2044, 3773, 3972, 1682, 1381, 1713, 3734, 2467, 2430, 2440, 510]"
1068,"[5027, 5028, 5029, 5030, 5030, 5031, 5031, 5029, 5031, 4893, 5029, 5054, 5028, 5031, 5027, 5054, 5028, 5054, 5029, 5030, 5027, 5057, 5030, 5031, 5031, 5054, 5031, 5057, 5028, 5031, 5031, 5030, 5029, 5031, 5028, 5030, 5029, 5031, 5027, 5054, 5031, 116, 5057, 5031, 5029, 5030, 5029, 5031, 5028, 5031, 5028, 5057, 5031, 5028, 5054]"
1069,"[4634, 4634, 4893, 4893, 4634, 199, 324, 357]"
1070,"[324, 335, 61, 576, 2304, 363, 1791, 1060, 2482, 363, 1791, 1060, 3803, 236, 1544, 31, 1445, 3038, 3074, 2839, 812, 87, 3644, 82, 1755, 576, 2114, 2839, 2135, 2500, 3377, 56, 4215, 1191, 3784, 3985]"
1071,"[889, 2882, 3748, 1729, 1157, 2114, 3835, 3366, 2732, 3120, 2839, 370, 441, 1711, 3899, 471, 3689, 1433, 4429, 4512, 3084, 335, 2646, 3322, 1215, 1381, 2921, 393, 796]"
1072,"[498, 5052, 406, 1475, 4528, 1905, 1793, 5070, 1475, 5071, 2051, 5052, 406, 5070, 1578, 5052, 5052, 1905, 1793, 1905]"
1073,"[5056, 3488, 5069, 5056, 5069, 1310, 5069, 5069, 5056, 5069]"
1074,"[5058, 3350, 1042, 3411, 442, 5061, 5058, 2128, 5061, 504, 249, 442, 5058, 442, 5061]"
1075,"[5062, 4823, 5062, 3457, 3528, 5066, 5062, 3627, 2269, 5062, 1057, 4823, 634, 83, 1084, 83, 3062, 897, 634, 2996, 226, 189]"
